x	y	data
1.0	1.0	0.5128216743469238
2.0	1.0	0.503017783164978
3.0	1.0	0.5079197287559509
4.0	1.0	0.5035079717636108
5.0	1.0	0.49934130907058716
6.0	1.0	0.5015471577644348
7.0	1.0	0.5096353888511658
8.0	1.0	0.5162530541419983
9.0	1.0	0.5130667686462402
10.0	1.0	0.5044883489608765
11.0	1.0	0.5103707313537598
12.0	1.0	0.5218903422355652
13.0	1.0	0.5267922878265381
14.0	1.0	0.5128216743469238
15.0	1.0	0.5120863914489746
16.0	1.0	0.5035079717636108
17.0	1.0	0.0
18.0	1.0	0.45964691042900085
19.0	1.0	0.4616076946258545
20.0	1.0	0.4716567099094391
21.0	1.0	0.45817631483078003
22.0	1.0	0.46847042441368103
23.0	1.0	0.46356847882270813
24.0	1.0	0.4608723819255829
25.0	1.0	0.4579312205314636
26.0	1.0	0.4768037796020508
27.0	1.0	0.47999003529548645
28.0	1.0	0.4677351415157318
29.0	1.0	0.4726370871067047
30.0	1.0	0.4633233845233917
31.0	1.0	0.4618527889251709
32.0	1.0	0.4525390565395355
33.0	1.0	0.45597043633461
34.0	1.0	0.0
35.0	1.0	0.4515950381755829
36.0	1.0	0.4729185700416565
37.0	1.0	0.4751244783401489
38.0	1.0	0.4636048674583435
39.0	1.0	0.45551660656929016
40.0	1.0	0.4618891775608063
41.0	1.0	0.4680166244506836
42.0	1.0	0.4675264358520508
43.0	1.0	0.4636048674583435
44.0	1.0	0.4697323143482208
45.0	1.0	0.47169309854507446
46.0	1.0	0.4721832871437073
47.0	1.0	0.4738989770412445
48.0	1.0	0.47733035683631897
49.0	1.0	0.48664405941963196
50.0	1.0	0.47095778584480286
51.0	1.0	0.0
52.0	1.0	0.3835420608520508
53.0	1.0	0.3857479393482208
54.0	1.0	0.46589499711990356
55.0	1.0	0.642365574836731
56.0	1.0	0.6720224618911743
57.0	1.0	0.6840322613716125
58.0	1.0	0.685502827167511
59.0	1.0	0.6710420250892639
60.0	1.0	0.5928557515144348
61.0	1.0	0.5060910582542419
62.0	1.0	0.5095224380493164
63.0	1.0	0.5141792893409729
64.0	1.0	0.5033949613571167
65.0	1.0	0.5024145841598511
66.0	1.0	0.4926106631755829
67.0	1.0	0.4832969605922699
1.0	2.0	0.49296873807907104
2.0	2.0	0.49345895648002625
3.0	2.0	0.4846354126930237
4.0	2.0	0.48831188678741455
5.0	2.0	0.48806679248809814
6.0	2.0	0.48782169818878174
7.0	2.0	0.4961550235748291
8.0	2.0	0.49787071347236633
9.0	2.0	0.5064491629600525
10.0	2.0	0.501056969165802
11.0	2.0	0.5074295401573181
12.0	2.0	0.5115962028503418
13.0	2.0	0.5216452479362488
14.0	2.0	0.5059589743614197
15.0	2.0	0.509145200252533
16.0	2.0	0.5022825002670288
17.0	2.0	0.0
18.0	2.0	0.44837239384651184
19.0	2.0	0.445676326751709
20.0	2.0	0.4471468925476074
21.0	2.0	0.45474493503570557
22.0	2.0	0.45842140913009644
23.0	2.0	0.45449984073638916
24.0	2.0	0.45964691042900085
25.0	2.0	0.44910767674446106
26.0	2.0	0.4623429775238037
27.0	2.0	0.4667547345161438
28.0	2.0	0.4630782902240753
29.0	2.0	0.45842140913009644
30.0	2.0	0.4623429775238037
31.0	2.0	0.46847042441368103
32.0	2.0	0.45817631483078003
33.0	2.0	0.4522939622402191
34.0	2.0	0.0
35.0	2.0	0.4525754451751709
36.0	2.0	0.46090877056121826
37.0	2.0	0.4420362412929535
38.0	2.0	0.45429113507270813
39.0	2.0	0.45625191926956177
40.0	2.0	0.4628695547580719
41.0	2.0	0.46581074595451355
42.0	2.0	0.4741440713405609
43.0	2.0	0.47144800424575806
44.0	2.0	0.46654602885246277
45.0	2.0	0.478555828332901
46.0	2.0	0.4788009226322174
47.0	2.0	0.48174211382865906
48.0	2.0	0.4780656397342682
49.0	2.0	0.4670362174510956
50.0	2.0	0.46458524465560913
51.0	2.0	0.0
52.0	2.0	0.39726755023002625
53.0	2.0	0.6318263411521912
54.0	2.0	0.6502087116241455
55.0	2.0	0.668100893497467
56.0	2.0	0.6698165535926819
57.0	2.0	0.654865562915802
58.0	2.0	0.5440812706947327
59.0	2.0	0.49089500308036804
60.0	2.0	0.498002827167511
61.0	2.0	0.5016793012619019
62.0	2.0	0.4931008815765381
63.0	2.0	0.5070714354515076
64.0	2.0	0.5009440183639526
65.0	2.0	0.48770871758461
66.0	2.0	0.48623812198638916
67.0	2.0	0.47520872950553894
1.0	3.0	0.4964001178741455
2.0	3.0	0.47801777720451355
3.0	3.0	0.48855698108673096
4.0	3.0	0.49419423937797546
5.0	3.0	0.4856158196926117
6.0	3.0	0.49443933367729187
7.0	3.0	0.49296873807907104
8.0	3.0	0.5086550116539001
9.0	3.0	0.5081648230552673
10.0	3.0	0.5081648230552673
11.0	3.0	0.511106014251709
12.0	3.0	0.5101256370544434
13.0	3.0	0.5057138204574585
14.0	3.0	0.49983149766921997
15.0	3.0	0.49983149766921997
16.0	3.0	0.4949295222759247
17.0	3.0	0.0
18.0	3.0	0.44445082545280457
19.0	3.0	0.4510684609413147
20.0	3.0	0.4476371109485626
21.0	3.0	0.44861748814582825
22.0	3.0	0.4466567039489746
23.0	3.0	0.45597043633461
24.0	3.0	0.47484299540519714
25.0	3.0	0.4657743573188782
26.0	3.0	0.45989200472831726
27.0	3.0	0.46552926301956177
28.0	3.0	0.4763135612010956
29.0	3.0	0.47410768270492554
30.0	3.0	0.467244952917099
31.0	3.0	0.46430376172065735
32.0	3.0	0.4567057192325592
33.0	3.0	0.44445082545280457
34.0	3.0	0.0
35.0	3.0	0.44546759128570557
36.0	3.0	0.45012447237968445
37.0	3.0	0.4574773907661438
38.0	3.0	0.44399702548980713
39.0	3.0	0.4533107280731201
40.0	3.0	0.45453622937202454
41.0	3.0	0.4528205394744873
42.0	3.0	0.47144800424575806
43.0	3.0	0.47733035683631897
44.0	3.0	0.48983034491539
45.0	3.0	0.479536235332489
46.0	3.0	0.4829676151275635
47.0	3.0	0.47659504413604736
48.0	3.0	0.4729185700416565
49.0	3.0	0.47095778584480286
50.0	3.0	0.467281311750412
51.0	3.0	0.0
52.0	3.0	0.6416302919387817
53.0	3.0	0.6590322256088257
54.0	3.0	0.6531499028205872
55.0	3.0	0.6332969665527344
56.0	3.0	0.5200616717338562
57.0	3.0	0.49040478467941284
58.0	3.0	0.4886890947818756
59.0	3.0	0.4938361644744873
60.0	3.0	0.5002087354660034
61.0	3.0	0.5009440183639526
62.0	3.0	0.4938361644744873
63.0	3.0	0.4894244074821472
64.0	3.0	0.48060086369514465
65.0	3.0	0.4874636232852936
66.0	3.0	0.47104203701019287
67.0	3.0	0.46834596991539
1.0	4.0	0.48218443989753723
2.0	4.0	0.4789981544017792
3.0	4.0	0.4865961968898773
4.0	4.0	0.48831188678741455
5.0	4.0	0.49909621477127075
6.0	4.0	0.5027726888656616
7.0	4.0	0.5054687261581421
8.0	4.0	0.513556957244873
9.0	4.0	0.5062040686607361
10.0	4.0	0.5047334432601929
11.0	4.0	0.5081648230552673
12.0	4.0	0.5079197287559509
13.0	4.0	0.5140472054481506
14.0	4.0	0.4973805248737335
15.0	4.0	0.49443933367729187
16.0	4.0	0.4900275766849518
17.0	4.0	0.0
18.0	4.0	0.4618527889251709
19.0	4.0	0.466264545917511
20.0	4.0	0.4611175060272217
21.0	4.0	0.4620978832244873
22.0	4.0	0.46454885601997375
23.0	4.0	0.4719018042087555
24.0	4.0	0.4677351415157318
25.0	4.0	0.4736174941062927
26.0	4.0	0.48048025369644165
27.0	4.0	0.48097044229507446
28.0	4.0	0.4780292510986328
29.0	4.0	0.47974494099617004
30.0	4.0	0.47925475239753723
31.0	4.0	0.4721468985080719
32.0	4.0	0.4682253301143646
33.0	4.0	0.46528416872024536
34.0	4.0	0.0
35.0	4.0	0.45551660656929016
36.0	4.0	0.46090877056121826
37.0	4.0	0.45429113507270813
38.0	4.0	0.4567421078681946
39.0	4.0	0.47193819284439087
40.0	4.0	0.4734087884426117
41.0	4.0	0.4780656397342682
42.0	4.0	0.4839479923248291
43.0	4.0	0.48566368222236633
44.0	4.0	0.4886048436164856
45.0	4.0	0.48688918352127075
46.0	4.0	0.4827224910259247
47.0	4.0	0.49130094051361084
48.0	4.0	0.4839479923248291
49.0	4.0	0.4846832752227783
50.0	4.0	0.47561466693878174
51.0	4.0	0.0
52.0	4.0	0.6524146199226379
53.0	4.0	0.6141793131828308
54.0	4.0	0.4950616657733917
55.0	4.0	0.4840322434902191
56.0	4.0	0.4938361644744873
57.0	4.0	0.49677735567092896
58.0	4.0	0.5002087354660034
59.0	4.0	0.5002087354660034
60.0	4.0	0.5026596784591675
61.0	4.0	0.4894244074821472
62.0	4.0	0.4891793131828308
63.0	4.0	0.4926106631755829
64.0	4.0	0.48158127069473267
65.0	4.0	0.4688361585140228
66.0	4.0	0.4619734287261963
67.0	4.0	0.457071453332901
1.0	5.0	0.47213542461395264
2.0	5.0	0.4755667746067047
3.0	5.0	0.4856158196926117
4.0	5.0	0.4802236557006836
5.0	5.0	0.48218443989753723
6.0	5.0	0.490762859582901
7.0	5.0	0.48953738808631897
8.0	5.0	0.49885109066963196
9.0	5.0	0.4902726709842682
10.0	5.0	0.4956648349761963
11.0	5.0	0.4976256191730499
12.0	5.0	0.4949295222759247
13.0	5.0	0.49345895648002625
14.0	5.0	0.4865961968898773
15.0	5.0	0.48365503549575806
16.0	5.0	0.4765471816062927
17.0	5.0	0.0
18.0	5.0	0.4772939682006836
19.0	5.0	0.47386258840560913
20.0	5.0	0.476558655500412
21.0	5.0	0.48611748218536377
22.0	5.0	0.4768037796020508
23.0	5.0	0.478519469499588
24.0	5.0	0.4814606308937073
25.0	5.0	0.4782743453979492
26.0	5.0	0.4836665093898773
27.0	5.0	0.49150964617729187
28.0	5.0	0.5108724236488342
29.0	5.0	0.5753331780433655
30.0	5.0	0.6309704184532166
31.0	5.0	0.6407743692398071
32.0	5.0	0.6272939443588257
33.0	5.0	0.6209214329719543
34.0	5.0	0.0
35.0	5.0	0.4633597433567047
36.0	5.0	0.4697323143482208
37.0	5.0	0.4800264239311218
38.0	5.0	0.4790460467338562
39.0	5.0	0.48198720812797546
40.0	5.0	0.48566368222236633
41.0	5.0	0.4797813296318054
42.0	5.0	0.48737937211990356
43.0	5.0	0.49154603481292725
44.0	5.0	0.4935068190097809
45.0	5.0	0.49252641201019287
46.0	5.0	0.5962029099464417
47.0	5.0	0.6689969897270203
48.0	5.0	0.6508597731590271
49.0	5.0	0.6430166363716125
50.0	5.0	0.643261730670929
51.0	5.0	0.0
52.0	5.0	0.49114009737968445
53.0	5.0	0.4874636232852936
54.0	5.0	0.48574793338775635
55.0	5.0	0.47986558079719543
56.0	5.0	0.4779047966003418
57.0	5.0	0.47962048649787903
58.0	5.0	0.4820714592933655
59.0	5.0	0.4783949851989746
60.0	5.0	0.4793753921985626
61.0	5.0	0.47153225541114807
62.0	5.0	0.4673655927181244
63.0	5.0	0.46442440152168274
64.0	5.0	0.46074792742729187
65.0	5.0	0.45560088753700256
66.0	5.0	0.44922831654548645
67.0	5.0	0.43966948986053467
1.0	6.0	0.4490962028503418
2.0	6.0	0.46159619092941284
3.0	6.0	0.4652726650238037
4.0	6.0	0.4603707194328308
5.0	6.0	0.4638020694255829
6.0	6.0	0.4642922878265381
7.0	6.0	0.4596354067325592
8.0	6.0	0.4650275707244873
9.0	6.0	0.46772363781929016
10.0	6.0	0.4662530720233917
11.0	6.0	0.4696844220161438
12.0	6.0	0.46796876192092896
13.0	6.0	0.4699295461177826
14.0	6.0	0.46845895051956177
15.0	6.0	0.46135109663009644
16.0	6.0	0.4608609080314636
17.0	6.0	0.0
18.0	6.0	0.6559704542160034
19.0	6.0	0.6596469283103943
20.0	6.0	0.6567057371139526
21.0	6.0	0.6503331661224365
22.0	6.0	0.6640586853027344
23.0	6.0	0.6520488858222961
24.0	6.0	0.6542547345161438
25.0	6.0	0.6579312086105347
26.0	6.0	0.6633234024047852
27.0	6.0	0.6383233666419983
28.0	6.0	0.6547449231147766
29.0	6.0	0.654990017414093
30.0	6.0	0.6383233666419983
31.0	6.0	0.6162645816802979
32.0	6.0	0.5704312324523926
33.0	6.0	0.5209214091300964
34.0	6.0	0.0
35.0	6.0	0.48688918352127075
36.0	6.0	0.48566368222236633
37.0	6.0	0.48615387082099915
38.0	6.0	0.4900754392147064
39.0	6.0	0.4939970076084137
40.0	6.0	0.6564970016479492
41.0	6.0	0.673163652420044
42.0	6.0	0.6518401503562927
43.0	6.0	0.6552715301513672
44.0	6.0	0.663849949836731
45.0	6.0	0.6528205275535583
46.0	6.0	0.6616441011428833
47.0	6.0	0.5979185700416565
48.0	6.0	0.4332126975059509
49.0	6.0	0.4258597493171692
50.0	6.0	0.43051663041114807
51.0	6.0	0.0
52.0	6.0	0.4830518662929535
53.0	6.0	0.4791302978992462
54.0	6.0	0.4722675383090973
55.0	6.0	0.47618910670280457
56.0	6.0	0.4676106870174408
57.0	6.0	0.46050283312797546
58.0	6.0	0.46050283312797546
59.0	6.0	0.4585420489311218
60.0	6.0	0.45584598183631897
61.0	6.0	0.4529047906398773
62.0	6.0	0.4565812647342682
63.0	6.0	0.44408127665519714
64.0	6.0	0.4423655867576599
65.0	6.0	0.43819892406463623
66.0	6.0	0.4325616657733917
67.0	6.0	0.43305185437202454
1.0	7.0	0.4343903064727783
2.0	7.0	0.43586090207099915
3.0	7.0	0.4348805248737335
4.0	7.0	0.42679229378700256
5.0	7.0	0.4321844279766083
6.0	7.0	0.4287530779838562
7.0	7.0	0.4191942512989044
8.0	7.0	0.4174785614013672
9.0	7.0	0.47777268290519714
10.0	7.0	0.5576746463775635
11.0	7.0	0.5248314738273621
12.0	7.0	0.5397824645042419
13.0	7.0	0.5392922759056091
14.0	7.0	0.5196844339370728
15.0	7.0	0.5076746344566345
16.0	7.0	0.5015471577644348
17.0	7.0	0.0
18.0	7.0	0.41136258840560913
19.0	7.0	0.4459214210510254
20.0	7.0	0.43660768866539
21.0	7.0	0.44910767674446106
22.0	7.0	0.45915672183036804
23.0	7.0	0.6378331780433655
24.0	7.0	0.6522939801216125
25.0	7.0	0.4983724057674408
26.0	7.0	0.5025390386581421
27.0	7.0	0.4995978772640228
28.0	7.0	0.49616652727127075
29.0	7.0	0.49641162157058716
30.0	7.0	0.5005782842636108
31.0	7.0	0.4983724057674408
32.0	7.0	0.4873429834842682
33.0	7.0	0.4893037676811218
34.0	7.0	0.0
35.0	7.0	0.6493891477584839
36.0	7.0	0.6606636643409729
37.0	7.0	0.6694872379302979
38.0	7.0	0.6712028980255127
39.0	7.0	0.6753695607185364
40.0	7.0	0.6643401384353638
41.0	7.0	0.4111538827419281
42.0	7.0	0.5300264358520508
43.0	7.0	0.5341930985450745
44.0	7.0	0.3525754511356354
45.0	7.0	0.3736538887023926
46.0	7.0	0.39669308066368103
47.0	7.0	0.4163009226322174
48.0	7.0	0.42389896512031555
49.0	7.0	0.43443819880485535
50.0	7.0	0.4993891716003418
51.0	7.0	0.0
52.0	7.0	0.46074792742729187
53.0	7.0	0.4585420489311218
54.0	7.0	0.4563361704349518
55.0	7.0	0.45020872354507446
56.0	7.0	0.447757750749588
57.0	7.0	0.4460420608520508
58.0	7.0	0.44310086965560913
59.0	7.0	0.4404048025608063
60.0	7.0	0.4357479214668274
61.0	7.0	0.4362381398677826
62.0	7.0	0.42839500308036804
63.0	7.0	0.4203067421913147
64.0	7.0	0.41344401240348816
65.0	7.0	0.40192440152168274
66.0	7.0	0.3940812647342682
67.0	7.0	0.38599303364753723
1.0	8.0	0.5466452240943909
2.0	8.0	0.5914981365203857
3.0	8.0	0.6459099054336548
4.0	8.0	0.5890471935272217
5.0	8.0	0.5454197525978088
6.0	8.0	0.5446844100952148
7.0	8.0	0.555468738079071
8.0	8.0	0.5868412852287292
9.0	8.0	0.5807138681411743
10.0	8.0	0.5628216862678528
11.0	8.0	0.5412530899047852
12.0	8.0	0.5419883728027344
13.0	8.0	0.5368412733078003
14.0	8.0	0.6084099411964417
15.0	8.0	0.5633118748664856
16.0	8.0	0.5358608961105347
17.0	8.0	0.0
18.0	8.0	0.49518612027168274
19.0	8.0	0.45842140913009644
20.0	8.0	0.4094018042087555
21.0	8.0	0.4194508194923401
22.0	8.0	0.4721468985080719
23.0	8.0	0.6277841329574585
24.0	8.0	0.4929802417755127
25.0	8.0	0.5010684728622437
26.0	8.0	0.5035194754600525
27.0	8.0	0.4942057430744171
28.0	8.0	0.4927351474761963
29.0	8.0	0.48954886198043823
30.0	8.0	0.49101945757865906
31.0	8.0	0.48587238788604736
32.0	8.0	0.48562729358673096
33.0	8.0	0.4824410378932953
34.0	8.0	0.0
35.0	8.0	0.5060068368911743
36.0	8.0	0.5062519311904907
37.0	8.0	0.5378695726394653
38.0	8.0	0.563849925994873
39.0	8.0	0.543261706829071
40.0	8.0	0.5243891477584839
41.0	8.0	0.5177715420722961
42.0	8.0	0.5126244425773621
43.0	8.0	0.46826171875
44.0	8.0	0.4952225089073181
45.0	8.0	0.3895852565765381
46.0	8.0	0.4172813296318054
47.0	8.0	0.5057617425918579
48.0	8.0	0.5476734638214111
49.0	8.0	0.5680166482925415
50.0	8.0	0.5623793601989746
51.0	8.0	0.0
52.0	8.0	0.46491459012031555
53.0	8.0	0.5060910582542419
54.0	8.0	0.5401597023010254
55.0	8.0	0.5237381458282471
56.0	8.0	0.5396695137023926
57.0	8.0	0.5166302919387817
58.0	8.0	0.5391793251037598
59.0	8.0	0.5225126147270203
60.0	8.0	0.5332969427108765
61.0	8.0	0.4921204745769501
62.0	8.0	0.5100126266479492
63.0	8.0	0.48476752638816833
64.0	8.0	0.5453067421913147
65.0	8.0	0.5480028390884399
66.0	8.0	0.5337871313095093
67.0	8.0	0.5134440064430237
1.0	9.0	0.0
2.0	9.0	0.0
3.0	9.0	0.0
4.0	9.0	0.0
5.0	9.0	0.0
6.0	9.0	0.0
7.0	9.0	0.0
8.0	9.0	0.0
9.0	9.0	0.0
10.0	9.0	0.0
11.0	9.0	0.0
12.0	9.0	0.0
13.0	9.0	0.0
14.0	9.0	0.0
15.0	9.0	0.0
16.0	9.0	0.0
17.0	9.0	0.0
18.0	9.0	0.0
19.0	9.0	0.0
20.0	9.0	0.0
21.0	9.0	0.0
22.0	9.0	0.0
23.0	9.0	0.0
24.0	9.0	0.0
25.0	9.0	0.0
26.0	9.0	0.0
27.0	9.0	0.0
28.0	9.0	0.0
29.0	9.0	0.0
30.0	9.0	0.0
31.0	9.0	0.0
32.0	9.0	0.0
33.0	9.0	0.0
34.0	9.0	0.0
35.0	9.0	0.0
36.0	9.0	0.0
37.0	9.0	0.0
38.0	9.0	0.0
39.0	9.0	0.0
40.0	9.0	0.0
41.0	9.0	0.0
42.0	9.0	0.0
43.0	9.0	0.0
44.0	9.0	0.0
45.0	9.0	0.0
46.0	9.0	0.0
47.0	9.0	0.0
48.0	9.0	0.0
49.0	9.0	0.0
50.0	9.0	0.0
51.0	9.0	0.0
52.0	9.0	0.0
53.0	9.0	0.0
54.0	9.0	0.0
55.0	9.0	0.0
56.0	9.0	0.0
57.0	9.0	0.0
58.0	9.0	0.0
59.0	9.0	0.0
60.0	9.0	0.0
61.0	9.0	0.0
62.0	9.0	0.0
63.0	9.0	0.0
64.0	9.0	0.0
65.0	9.0	0.0
66.0	9.0	0.0
67.0	9.0	0.0
1.0	10.0	0.41285040974617004
2.0	10.0	0.41064453125
3.0	10.0	0.41922295093536377
4.0	10.0	0.4001053273677826
5.0	10.0	0.4062327742576599
6.0	10.0	0.41922295093536377
7.0	10.0	0.4121151268482208
8.0	10.0	0.40819355845451355
9.0	10.0	0.47069355845451355
10.0	10.0	0.5778014063835144
11.0	10.0	0.5932425856590271
12.0	10.0	0.5876052975654602
13.0	10.0	0.6059876680374146
14.0	10.0	0.5996150970458984
15.0	10.0	0.6005955338478088
16.0	10.0	0.5670170783996582
17.0	10.0	0.0
18.0	10.0	0.4634554982185364
19.0	10.0	0.46321040391921997
20.0	10.0	0.4536515772342682
21.0	10.0	0.4597790241241455
22.0	10.0	0.455122172832489
23.0	10.0	0.4536515772342682
24.0	10.0	0.4534064829349518
25.0	10.0	0.4693378508090973
26.0	10.0	0.4585535526275635
27.0	10.0	0.46272021532058716
28.0	10.0	0.45242607593536377
29.0	10.0	0.47350451350212097
30.0	10.0	0.48232805728912354
31.0	10.0	0.4712986350059509
32.0	10.0	0.47178882360458374
33.0	10.0	0.4607594311237335
34.0	10.0	0.0
35.0	10.0	0.4969037175178528
36.0	10.0	0.48538410663604736
37.0	10.0	0.4731292128562927
38.0	10.0	0.46945273876190186
39.0	10.0	0.4665115773677826
40.0	10.0	0.4765605926513672
41.0	10.0	0.47974684834480286
42.0	10.0	0.4677370488643646
43.0	10.0	0.45474687218666077
44.0	10.0	0.43808019161224365
45.0	10.0	0.4620997905731201
46.0	10.0	0.46479588747024536
47.0	10.0	0.46920764446258545
48.0	10.0	0.4701880216598511
49.0	10.0	0.4500899910926819
50.0	10.0	0.45401155948638916
51.0	10.0	0.0
52.0	10.0	0.5128063559532166
53.0	10.0	0.5169730186462402
54.0	10.0	0.5086396932601929
55.0	10.0	0.5079044103622437
56.0	10.0	0.5000612735748291
57.0	10.0	0.5047181248664856
58.0	10.0	0.5169730186462402
59.0	10.0	0.5056985020637512
60.0	10.0	0.504963219165802
61.0	10.0	0.5223652124404907
62.0	10.0	0.517463207244873
63.0	10.0	0.5280024409294128
64.0	10.0	0.5172181129455566
65.0	10.0	0.5216299295425415
66.0	10.0	0.5110906958580017
67.0	10.0	0.5000612735748291
1.0	11.0	0.39667394757270813
2.0	11.0	0.40231120586395264
3.0	11.0	0.40255630016326904
4.0	11.0	0.3996151089668274
5.0	11.0	0.3944680690765381
6.0	11.0	0.4324582517147064
7.0	11.0	0.5626053214073181
8.0	11.0	0.5898112058639526
9.0	11.0	0.6069680452346802
10.0	11.0	0.5954484343528748
11.0	11.0	0.6101543307304382
12.0	11.0	0.5834386348724365
13.0	11.0	0.5765758752822876
14.0	11.0	0.5005955100059509
15.0	11.0	0.4010857045650482
16.0	11.0	0.3996151089668274
17.0	11.0	0.0
18.0	11.0	0.4531613886356354
19.0	11.0	0.4431123733520508
20.0	11.0	0.4487496316432953
21.0	11.0	0.4489947259426117
22.0	11.0	0.44727903604507446
23.0	11.0	0.46198490262031555
24.0	11.0	0.4482594132423401
25.0	11.0	0.466396689414978
26.0	11.0	0.46835747361183167
27.0	11.0	0.4705633521080017
28.0	11.0	0.47154372930526733
29.0	11.0	0.46688687801361084
30.0	11.0	0.474484920501709
31.0	11.0	0.4710535407066345
32.0	11.0	0.4587986469268799
33.0	11.0	0.44580844044685364
34.0	11.0	0.0
35.0	11.0	0.4672468602657318
36.0	11.0	0.4620997905731201
37.0	11.0	0.46994292736053467
38.0	11.0	0.45842331647872925
39.0	11.0	0.45768803358078003
40.0	11.0	0.4628351032733917
41.0	11.0	0.46504098176956177
42.0	11.0	0.46332529187202454
43.0	11.0	0.45401155948638916
44.0	11.0	0.4552370607852936
45.0	11.0	0.45229586958885193
46.0	11.0	0.44812920689582825
47.0	11.0	0.45474687218666077
48.0	11.0	0.45817822217941284
49.0	11.0	0.4466586112976074
50.0	11.0	0.43857038021087646
51.0	11.0	0.0
52.0	11.0	0.49246323108673096
53.0	11.0	0.5071691274642944
54.0	11.0	0.4993259906768799
55.0	11.0	0.5027573704719543
56.0	11.0	0.4998161792755127
57.0	11.0	0.4912377595901489
58.0	11.0	0.5106005072593689
59.0	11.0	0.5027573704719543
60.0	11.0	0.5027573704719543
61.0	11.0	0.5096200704574585
62.0	11.0	0.5076593160629272
63.0	11.0	0.5044730305671692
64.0	11.0	0.5042279362678528
65.0	11.0	0.5012867450714111
66.0	11.0	0.49736520648002625
67.0	11.0	0.4897671639919281
1.0	12.0	0.39838963747024536
2.0	12.0	0.3952033519744873
3.0	12.0	0.38245826959609985
4.0	12.0	0.5047621726989746
5.0	12.0	0.5689778923988342
6.0	12.0	0.5927523970603943
7.0	12.0	0.6224092245101929
8.0	12.0	0.6182425618171692
9.0	12.0	0.6150562763214111
10.0	12.0	0.6118700504302979
11.0	12.0	0.49079158902168274
12.0	12.0	0.4059876799583435
13.0	12.0	0.3991249203681946
14.0	12.0	0.39765432476997375
15.0	12.0	0.4050072729587555
16.0	12.0	0.4045170843601227
17.0	12.0	0.0
18.0	12.0	0.4440927505493164
19.0	12.0	0.45683786273002625
20.0	12.0	0.45095551013946533
21.0	12.0	0.44703394174575806
22.0	12.0	0.4531613886356354
23.0	12.0	0.4610045254230499
24.0	12.0	0.46272021532058716
25.0	12.0	0.46541628241539
26.0	12.0	0.4747300148010254
27.0	12.0	0.46762216091156006
28.0	12.0	0.46786725521087646
29.0	12.0	0.4708084464073181
30.0	12.0	0.474484920501709
31.0	12.0	0.47227904200553894
32.0	12.0	0.45781823992729187
33.0	12.0	0.45095551013946533
34.0	12.0	0.0
35.0	12.0	0.4549919664859772
36.0	12.0	0.4510703980922699
37.0	12.0	0.45352137088775635
38.0	12.0	0.445188045501709
39.0	12.0	0.42729589343070984
40.0	12.0	0.4346488118171692
41.0	12.0	0.4518056809902191
42.0	12.0	0.4466586112976074
43.0	12.0	0.4471488296985626
44.0	12.0	0.45352137088775635
45.0	12.0	0.46357038617134094
46.0	12.0	0.4461684226989746
47.0	12.0	0.44224685430526733
48.0	12.0	0.44249194860458374
49.0	12.0	0.4304821491241455
50.0	12.0	0.4297468662261963
51.0	12.0	0.0
52.0	12.0	0.4890318512916565
53.0	12.0	0.48658087849617004
54.0	12.0	0.49221813678741455
55.0	12.0	0.48731619119644165
56.0	12.0	0.4892769753932953
57.0	12.0	0.4939338266849518
58.0	12.0	0.494669109582901
59.0	12.0	0.495649516582489
60.0	12.0	0.4961397051811218
61.0	12.0	0.5052083134651184
62.0	12.0	0.5059436559677124
63.0	12.0	0.515012264251709
64.0	12.0	0.5030024647712708
65.0	12.0	0.5015318393707275
66.0	12.0	0.4961397051811218
67.0	12.0	0.48192402720451355
1.0	13.0	0.48025238513946533
2.0	13.0	0.5633406043052673
3.0	13.0	0.5724092125892639
4.0	13.0	0.5822131633758545
5.0	13.0	0.6010857224464417
6.0	13.0	0.5915268659591675
7.0	13.0	0.5817229747772217
8.0	13.0	0.40745824575424194
9.0	13.0	0.41260531544685364
10.0	13.0	0.40304648876190186
11.0	13.0	0.4103994369506836
12.0	13.0	0.41309550404548645
13.0	13.0	0.4170170724391937
14.0	13.0	0.41897785663604736
15.0	13.0	0.41432100534439087
16.0	13.0	0.4260857105255127
17.0	13.0	0.0
18.0	13.0	0.46664178371429443
19.0	13.0	0.4607594311237335
20.0	13.0	0.4538966715335846
21.0	13.0	0.4610045254230499
22.0	13.0	0.46615156531333923
23.0	13.0	0.4634554982185364
24.0	13.0	0.4698280394077301
25.0	13.0	0.47301432490348816
26.0	13.0	0.4762006103992462
27.0	13.0	0.48306334018707275
28.0	13.0	0.4811025559902191
29.0	13.0	0.47325941920280457
30.0	13.0	0.47816139459609985
31.0	13.0	0.47350451350212097
32.0	13.0	0.466396689414978
33.0	13.0	0.45659276843070984
34.0	13.0	0.0
35.0	13.0	0.45303118228912354
36.0	13.0	0.446413516998291
37.0	13.0	0.4454331398010254
38.0	13.0	0.43759000301361084
39.0	13.0	0.44763901829719543
40.0	13.0	0.4557272493839264
41.0	13.0	0.44935470819473267
42.0	13.0	0.4420017600059509
43.0	13.0	0.4366095960140228
44.0	13.0	0.4397958815097809
45.0	13.0	0.44298216700553894
46.0	13.0	0.4420017600059509
47.0	13.0	0.44739392399787903
48.0	13.0	0.44347235560417175
49.0	13.0	0.43685469031333923
50.0	13.0	0.43808019161224365
51.0	13.0	0.0
52.0	13.0	0.49662989377975464
53.0	13.0	0.49295341968536377
54.0	13.0	0.49221813678741455
55.0	13.0	0.4905024468898773
56.0	13.0	0.48805147409439087
57.0	13.0	0.4995710849761963
58.0	13.0	0.5030024647712708
59.0	13.0	0.5056985020637512
60.0	13.0	0.5086396932601929
61.0	13.0	0.513051450252533
62.0	13.0	0.5145220756530762
63.0	13.0	0.5061887502670288
64.0	13.0	0.5032475590705872
65.0	13.0	0.5027573704719543
66.0	13.0	0.49246323108673096
67.0	13.0	0.4846200942993164
1.0	14.0	0.6030464768409729
2.0	14.0	0.6069680452346802
3.0	14.0	0.5773112177848816
4.0	14.0	0.545693576335907
5.0	14.0	0.4005955159664154
6.0	14.0	0.4059876799583435
7.0	14.0	0.41334059834480286
8.0	14.0	0.41407591104507446
9.0	14.0	0.41971316933631897
10.0	14.0	0.4309876561164856
11.0	14.0	0.4371151328086853
12.0	14.0	0.43515434861183167
13.0	14.0	0.441281795501709
14.0	14.0	0.44422295689582825
15.0	14.0	0.44446805119514465
16.0	14.0	0.44495826959609985
17.0	14.0	0.0
18.0	14.0	0.4659064710140228
19.0	14.0	0.4639456868171692
20.0	14.0	0.47669079899787903
21.0	14.0	0.4747300148010254
22.0	14.0	0.48257315158843994
23.0	14.0	0.4864947199821472
24.0	14.0	0.4842888414859772
25.0	14.0	0.4852692186832428
26.0	14.0	0.47816139459609985
27.0	14.0	0.48845550417900085
28.0	14.0	0.4811025559902191
29.0	14.0	0.48281824588775635
30.0	14.0	0.4688476622104645
31.0	14.0	0.47178882360458374
32.0	14.0	0.4607594311237335
33.0	14.0	0.4602692127227783
34.0	14.0	0.0
35.0	14.0	0.43685469031333923
36.0	14.0	0.5238645076751709
37.0	14.0	0.5912664532661438
38.0	14.0	0.6174919605255127
39.0	14.0	0.6268056631088257
40.0	14.0	0.5491095781326294
41.0	14.0	0.44910961389541626
42.0	14.0	0.4446978271007538
43.0	14.0	0.44371744990348816
44.0	14.0	0.4503350853919983
45.0	14.0	0.4410213828086853
46.0	14.0	0.4466586112976074
47.0	14.0	0.44910961389541626
48.0	14.0	0.4412664771080017
49.0	14.0	0.44935470819473267
50.0	14.0	0.4454331398010254
51.0	14.0	0.0
52.0	14.0	0.49810048937797546
53.0	14.0	0.49221813678741455
54.0	14.0	0.49246323108673096
55.0	14.0	0.49270832538604736
56.0	14.0	0.4885416626930237
57.0	14.0	0.49270832538604736
58.0	14.0	0.494669109582901
59.0	14.0	0.49810048937797546
60.0	14.0	0.49662989377975464
61.0	14.0	0.49172794818878174
62.0	14.0	0.4958946108818054
63.0	14.0	0.4900122582912445
64.0	14.0	0.49099263548851013
65.0	14.0	0.4831494987010956
66.0	14.0	0.47702205181121826
67.0	14.0	0.4787377417087555
1.0	15.0	0.4376053214073181
2.0	15.0	0.4059876799583435
3.0	15.0	0.42363473773002625
4.0	15.0	0.4309876561164856
5.0	15.0	0.4368700087070465
6.0	15.0	0.4380955100059509
7.0	15.0	0.442507266998291
8.0	15.0	0.44544845819473267
9.0	15.0	0.45084062218666077
10.0	15.0	0.4589288532733917
11.0	15.0	0.46456611156463623
12.0	15.0	0.4724092483520508
13.0	15.0	0.474124938249588
14.0	15.0	0.4787817895412445
15.0	15.0	0.48049747943878174
16.0	15.0	0.48588964343070984
17.0	15.0	0.0
18.0	15.0	0.4695829451084137
19.0	15.0	0.4762006103992462
20.0	15.0	0.49237707257270813
21.0	15.0	0.49262216687202454
22.0	15.0	0.4909064769744873
23.0	15.0	0.49286726117134094
24.0	15.0	0.5200731754302979
25.0	15.0	0.5735045075416565
26.0	15.0	0.6183574795722961
27.0	15.0	0.665171205997467
28.0	15.0	0.6485044956207275
29.0	15.0	0.661984920501709
30.0	15.0	0.6502202153205872
31.0	15.0	0.6502202153205872
32.0	15.0	0.6565927267074585
33.0	15.0	0.6259555220603943
34.0	15.0	0.0
35.0	15.0	0.619452714920044
36.0	15.0	0.6128351092338562
37.0	15.0	0.6233742833137512
38.0	15.0	0.6299919486045837
39.0	15.0	0.5888155102729797
40.0	15.0	0.45229586958885193
41.0	15.0	0.4567076563835144
42.0	15.0	0.4711684286594391
43.0	15.0	0.46969783306121826
44.0	15.0	0.46896255016326904
45.0	15.0	0.47925665974617004
46.0	15.0	0.4839135408401489
47.0	15.0	0.48538410663604736
48.0	15.0	0.48562920093536377
49.0	15.0	0.4866096079349518
50.0	15.0	0.4929821491241455
51.0	15.0	0.0
52.0	15.0	0.48069852590560913
53.0	15.0	0.4799632430076599
54.0	15.0	0.4838848114013672
55.0	15.0	0.4794730246067047
56.0	15.0	0.4775122404098511
57.0	15.0	0.48094362020492554
58.0	15.0	0.4733455777168274
59.0	15.0	0.47187501192092896
60.0	15.0	0.4735906720161438
61.0	15.0	0.4640318751335144
62.0	15.0	0.46648284792900085
63.0	15.0	0.46574753522872925
64.0	15.0	0.46574753522872925
65.0	15.0	0.4574142098426819
66.0	15.0	0.4530024528503418
67.0	15.0	0.4471201002597809
1.0	16.0	0.4415268898010254
2.0	16.0	0.4574582576751709
3.0	16.0	0.47682100534439087
4.0	16.0	0.48687002062797546
5.0	16.0	0.4898112118244171
6.0	16.0	0.49544844031333923
7.0	16.0	0.4986347258090973
8.0	16.0	0.5054974555969238
9.0	16.0	0.5135856866836548
10.0	16.0	0.5121151208877563
11.0	16.0	0.5224092602729797
12.0	16.0	0.5258405804634094
13.0	16.0	0.5268210172653198
14.0	16.0	0.5329484343528748
15.0	16.0	0.5442229509353638
16.0	16.0	0.6452033519744873
17.0	16.0	0.0
18.0	16.0	0.6563476324081421
19.0	16.0	0.6546319723129272
20.0	16.0	0.653896689414978
21.0	16.0	0.6747300028800964
22.0	16.0	0.6543868780136108
23.0	16.0	0.6649261116981506
24.0	16.0	0.6693378686904907
25.0	16.0	0.6722790002822876
26.0	16.0	0.6308574676513672
27.0	16.0	0.5661515593528748
28.0	16.0	0.46247512102127075
29.0	16.0	0.4220339357852936
30.0	16.0	0.4284064769744873
31.0	16.0	0.46762216091156006
32.0	16.0	0.5364947319030762
33.0	16.0	0.548259437084198
34.0	16.0	0.0
35.0	16.0	0.5042566657066345
36.0	16.0	0.5116096138954163
37.0	16.0	0.52018803358078
38.0	16.0	0.5236194133758545
39.0	16.0	0.5268056988716125
40.0	16.0	0.5280311703681946
41.0	16.0	0.5326880216598511
42.0	16.0	0.5341586470603943
43.0	16.0	0.5348939299583435
44.0	16.0	0.5370997786521912
45.0	16.0	0.5424919724464417
46.0	16.0	0.5429821610450745
47.0	16.0	0.547639012336731
48.0	16.0	0.5432272553443909
49.0	16.0	0.5459233522415161
50.0	16.0	0.5515605807304382
51.0	16.0	0.0
52.0	16.0	0.5216299295425415
53.0	16.0	0.5297181606292725
54.0	16.0	0.5066789388656616
55.0	16.0	0.4985906779766083
56.0	16.0	0.5686887502670288
57.0	16.0	0.5110906958580017
58.0	16.0	0.4792279303073883
59.0	16.0	0.5412377715110779
60.0	16.0	0.4583946168422699
61.0	16.0	0.4206494987010956
62.0	16.0	0.42015931010246277
63.0	16.0	0.4120710790157318
64.0	16.0	0.4118259847164154
65.0	16.0	0.4150122404098511
66.0	16.0	0.4213848114013672
67.0	16.0	0.4206494987010956
1.0	17.0	0.558193564414978
2.0	17.0	0.5709386467933655
3.0	17.0	0.5907915830612183
4.0	17.0	0.6089288592338562
5.0	17.0	0.620693564414978
6.0	17.0	0.5976543426513672
7.0	17.0	0.6084386706352234
8.0	17.0	0.6662817597389221
9.0	17.0	0.6694680452346802
10.0	17.0	0.6415268778800964
11.0	17.0	0.6246151328086853
12.0	17.0	0.6322131752967834
13.0	17.0	0.6376053094863892
14.0	17.0	0.6189778447151184
15.0	17.0	0.6417719721794128
16.0	17.0	0.5903013944625854
17.0	17.0	0.0
18.0	17.0	0.4948280453681946
19.0	17.0	0.6083084344863892
20.0	17.0	0.598259449005127
21.0	17.0	0.5208084583282471
22.0	17.0	0.432573139667511
23.0	17.0	0.4333084523677826
24.0	17.0	0.47718098759651184
25.0	17.0	0.5007104277610779
26.0	17.0	0.5159064531326294
27.0	17.0	0.5178672671318054
28.0	17.0	0.5195829272270203
29.0	17.0	0.5320829749107361
30.0	17.0	0.5303672552108765
31.0	17.0	0.5342888236045837
32.0	17.0	0.5009555220603943
33.0	17.0	0.4916417598724365
34.0	17.0	0.0
35.0	17.0	0.6317076683044434
36.0	17.0	0.6167566776275635
37.0	17.0	0.6679821610450745
38.0	17.0	0.6309723258018494
39.0	17.0	0.6542566418647766
40.0	17.0	0.6081782579421997
41.0	17.0	0.6662664413452148
42.0	17.0	0.5750899910926819
43.0	17.0	0.6775409579277039
44.0	17.0	0.656462550163269
45.0	17.0	0.7052370309829712
46.0	17.0	0.6368547081947327
47.0	17.0	0.6748449206352234
48.0	17.0	0.6255801916122437
49.0	17.0	0.6817076206207275
50.0	17.0	0.6321978569030762
51.0	17.0	0.0
52.0	17.0	0.5196691155433655
53.0	17.0	0.5706495046615601
54.0	17.0	0.621874988079071
55.0	17.0	0.5574142336845398
56.0	17.0	0.5145220756530762
57.0	17.0	0.529473066329956
58.0	17.0	0.577512264251709
59.0	17.0	0.5731005072593689
60.0	17.0	0.5792279243469238
61.0	17.0	0.5483455657958984
62.0	17.0	0.537561297416687
63.0	17.0	0.545649528503418
64.0	17.0	0.610600471496582
65.0	17.0	0.5767769813537598
66.0	17.0	0.5395220518112183
67.0	17.0	0.5390318632125854
1.0	18.0	0.0
2.0	18.0	0.0
3.0	18.0	0.0
4.0	18.0	0.0
5.0	18.0	0.0
6.0	18.0	0.0
7.0	18.0	0.0
8.0	18.0	0.0
9.0	18.0	0.0
10.0	18.0	0.0
11.0	18.0	0.0
12.0	18.0	0.0
13.0	18.0	0.0
14.0	18.0	0.0
15.0	18.0	0.0
16.0	18.0	0.0
17.0	18.0	0.0
18.0	18.0	0.0
19.0	18.0	0.0
20.0	18.0	0.0
21.0	18.0	0.0
22.0	18.0	0.0
23.0	18.0	0.0
24.0	18.0	0.0
25.0	18.0	0.0
26.0	18.0	0.0
27.0	18.0	0.0
28.0	18.0	0.0
29.0	18.0	0.0
30.0	18.0	0.0
31.0	18.0	0.0
32.0	18.0	0.0
33.0	18.0	0.0
34.0	18.0	0.0
35.0	18.0	0.0
36.0	18.0	0.0
37.0	18.0	0.0
38.0	18.0	0.0
39.0	18.0	0.0
40.0	18.0	0.0
41.0	18.0	0.0
42.0	18.0	0.0
43.0	18.0	0.0
44.0	18.0	0.0
45.0	18.0	0.0
46.0	18.0	0.0
47.0	18.0	0.0
48.0	18.0	0.0
49.0	18.0	0.0
50.0	18.0	0.0
51.0	18.0	0.0
52.0	18.0	0.0
53.0	18.0	0.0
54.0	18.0	0.0
55.0	18.0	0.0
56.0	18.0	0.0
57.0	18.0	0.0
58.0	18.0	0.0
59.0	18.0	0.0
60.0	18.0	0.0
61.0	18.0	0.0
62.0	18.0	0.0
63.0	18.0	0.0
64.0	18.0	0.0
65.0	18.0	0.0
66.0	18.0	0.0
67.0	18.0	0.0
1.0	19.0	0.5230162143707275
2.0	19.0	0.5114966034889221
3.0	19.0	0.5132123231887817
4.0	19.0	0.5075750350952148
5.0	19.0	0.5088005661964417
6.0	19.0	0.5235064625740051
7.0	19.0	0.5173789858818054
8.0	19.0	0.503898561000824
9.0	19.0	0.5217907428741455
10.0	19.0	0.5110064148902893
11.0	19.0	0.5112515091896057
12.0	19.0	0.5149279832839966
13.0	19.0	0.5141927003860474
14.0	19.0	0.5092907547950745
15.0	19.0	0.49777114391326904
16.0	19.0	0.4997319281101227
17.0	19.0	0.0
18.0	19.0	0.4441157281398773
19.0	19.0	0.45710593461990356
20.0	19.0	0.4419098496437073
21.0	19.0	0.4436255395412445
22.0	19.0	0.4480372965335846
23.0	19.0	0.44534122943878174
24.0	19.0	0.4580863118171692
25.0	19.0	0.44460591673851013
26.0	19.0	0.45171377062797546
27.0	19.0	0.4443608224391937
28.0	19.0	0.4580863118171692
29.0	19.0	0.4497529864311218
30.0	19.0	0.45612552762031555
31.0	19.0	0.46200788021087646
32.0	19.0	0.45122358202934265
33.0	19.0	0.4583314061164856
34.0	19.0	0.0
35.0	19.0	0.4220569133758545
36.0	19.0	0.40980201959609985
37.0	19.0	0.40416476130485535
38.0	19.0	0.40318435430526733
39.0	19.0	0.39338043332099915
40.0	19.0	0.38382160663604736
41.0	19.0	0.38284122943878174
42.0	19.0	0.5509784817695618
43.0	19.0	0.6044098734855652
44.0	19.0	0.6362726092338562
45.0	19.0	0.6659294366836548
46.0	19.0	0.6698510050773621
47.0	19.0	0.6664196252822876
48.0	19.0	0.6720569133758545
49.0	19.0	0.6600471138954163
50.0	19.0	0.6536745429039001
51.0	19.0	0.0
52.0	19.0	0.43038448691368103
53.0	19.0	0.43283548951148987
54.0	19.0	0.4387178421020508
55.0	19.0	0.4335707724094391
56.0	19.0	0.4347962737083435
57.0	19.0	0.44288450479507446
58.0	19.0	0.4325903654098511
59.0	19.0	0.4446001946926117
60.0	19.0	0.4347962737083435
61.0	19.0	0.45685508847236633
62.0	19.0	0.4590609669685364
63.0	19.0	0.4546492099761963
64.0	19.0	0.45342370867729187
65.0	19.0	0.4595511555671692
66.0	19.0	0.44607076048851013
67.0	19.0	0.440433531999588
1.0	20.0	0.49703583121299744
2.0	20.0	0.49875152111053467
3.0	20.0	0.4989966154098511
4.0	20.0	0.4963005483150482
5.0	20.0	0.5019378066062927
6.0	20.0	0.495565265417099
7.0	20.0	0.5034083724021912
8.0	20.0	0.504633903503418
9.0	20.0	0.5061044692993164
10.0	20.0	0.4989966154098511
11.0	20.0	0.5053691864013672
12.0	20.0	0.5110064148902893
13.0	20.0	0.5073299407958984
14.0	20.0	0.5075750350952148
15.0	20.0	0.4904181957244873
16.0	20.0	0.48796722292900085
17.0	20.0	0.0
18.0	20.0	0.43553730845451355
19.0	20.0	0.4387235641479492
20.0	20.0	0.4426451325416565
21.0	20.0	0.44068434834480286
22.0	20.0	0.44117456674575806
23.0	20.0	0.44681182503700256
24.0	20.0	0.44607651233673096
25.0	20.0	0.45637062191963196
26.0	20.0	0.4480372965335846
27.0	20.0	0.4632333815097809
28.0	20.0	0.4541647434234619
29.0	20.0	0.4647039771080017
30.0	20.0	0.46078240871429443
31.0	20.0	0.45735102891921997
32.0	20.0	0.4644588828086853
33.0	20.0	0.4443608224391937
34.0	20.0	0.0
35.0	20.0	0.41641965508461
36.0	20.0	0.5691157579421997
37.0	20.0	0.5946059226989746
38.0	20.0	0.615439236164093
39.0	20.0	0.6245079040527344
40.0	20.0	0.6421549320220947
41.0	20.0	0.6374980807304382
42.0	20.0	0.6514686942100525
43.0	20.0	0.6544098258018494
44.0	20.0	0.6558804512023926
45.0	20.0	0.6718118190765381
46.0	20.0	0.6708314418792725
47.0	20.0	0.6683804392814636
48.0	20.0	0.6237726211547852
49.0	20.0	0.5600470900535583
50.0	20.0	0.5026941895484924
51.0	20.0	0.0
52.0	20.0	0.42082566022872925
53.0	20.0	0.42646291851997375
54.0	20.0	0.4249923527240753
55.0	20.0	0.41518843173980713
56.0	20.0	0.41494330763816833
57.0	20.0	0.4227864444255829
58.0	20.0	0.4286687970161438
59.0	20.0	0.42695313692092896
60.0	20.0	0.43111979961395264
61.0	20.0	0.4495021402835846
62.0	20.0	0.44312959909439087
63.0	20.0	0.4330805838108063
64.0	20.0	0.4389629364013672
65.0	20.0	0.4392080307006836
66.0	20.0	0.44705116748809814
67.0	20.0	0.4389629364013672
1.0	21.0	0.49875152111053467
2.0	21.0	0.49335938692092896
3.0	21.0	0.49777114391326904
4.0	21.0	0.49213388562202454
5.0	21.0	0.4896829128265381
6.0	21.0	0.48772212862968445
7.0	21.0	0.4948299527168274
8.0	21.0	0.5036534667015076
9.0	21.0	0.5100260376930237
10.0	21.0	0.4940946698188782
11.0	21.0	0.5002221465110779
12.0	21.0	0.49924173951148987
13.0	21.0	0.4913986027240753
14.0	21.0	0.4887025058269501
15.0	21.0	0.4796338975429535
16.0	21.0	0.4759574234485626
17.0	21.0	0.0
18.0	21.0	0.44092947244644165
19.0	21.0	0.4448510408401489
20.0	21.0	0.448282390832901
21.0	21.0	0.4490177035331726
22.0	21.0	0.4485274851322174
23.0	21.0	0.4588216245174408
24.0	21.0	0.4651941657066345
25.0	21.0	0.46078240871429443
26.0	21.0	0.4796549379825592
27.0	21.0	0.4696059226989746
28.0	21.0	0.4732823967933655
29.0	21.0	0.46568435430526733
30.0	21.0	0.4647039771080017
31.0	21.0	0.46078240871429443
32.0	21.0	0.46225297451019287
33.0	21.0	0.4526941776275635
34.0	21.0	0.0
35.0	21.0	0.6350470781326294
36.0	21.0	0.6441157460212708
37.0	21.0	0.6387235522270203
38.0	21.0	0.6394588947296143
39.0	21.0	0.6362726092338562
40.0	21.0	0.634801983833313
41.0	21.0	0.6164196729660034
42.0	21.0	0.5428902506828308
43.0	21.0	0.4950961172580719
44.0	21.0	0.48235103487968445
45.0	21.0	0.4889686703681946
46.0	21.0	0.4848020076751709
47.0	21.0	0.48161572217941284
48.0	21.0	0.4705863296985626
49.0	21.0	0.47181180119514465
50.0	21.0	0.4649490714073181
51.0	21.0	0.0
52.0	21.0	0.4289139211177826
53.0	21.0	0.4137178361415863
54.0	21.0	0.4188648760318756
55.0	21.0	0.42009037733078003
56.0	21.0	0.4068550765514374
57.0	21.0	0.4124923348426819
58.0	21.0	0.4235217571258545
59.0	21.0	0.42205116152763367
60.0	21.0	0.4401884078979492
61.0	21.0	0.4347962737083435
62.0	21.0	0.43602174520492554
63.0	21.0	0.4335707724094391
64.0	21.0	0.4330805838108063
65.0	21.0	0.440433531999588
66.0	21.0	0.4350413680076599
67.0	21.0	0.43038448691368103
1.0	22.0	0.4894378185272217
2.0	22.0	0.48796722292900085
3.0	22.0	0.4901731014251709
4.0	22.0	0.4906632900238037
5.0	22.0	0.48232996463775635
6.0	22.0	0.48845741152763367
7.0	22.0	0.4963005483150482
8.0	22.0	0.48845741152763367
9.0	22.0	0.49286916851997375
10.0	22.0	0.49237897992134094
11.0	22.0	0.4916436970233917
12.0	22.0	0.49262407422065735
13.0	22.0	0.48208487033843994
14.0	22.0	0.475222110748291
15.0	22.0	0.4688495695590973
16.0	22.0	0.4688495695590973
17.0	22.0	0.0
18.0	22.0	0.4541647434234619
19.0	22.0	0.47107651829719543
20.0	22.0	0.4642137587070465
21.0	22.0	0.4651941657066345
22.0	22.0	0.4700961112976074
23.0	22.0	0.47205689549446106
24.0	22.0	0.4796549379825592
25.0	22.0	0.48112553358078003
26.0	22.0	0.4860275089740753
27.0	22.0	0.47891965508461
28.0	22.0	0.49240005016326904
29.0	22.0	0.49289023876190186
30.0	22.0	0.4955863058567047
31.0	22.0	0.4833314120769501
32.0	22.0	0.4703412353992462
33.0	22.0	0.468625545501709
34.0	22.0	0.0
35.0	22.0	0.5147039890289307
36.0	22.0	0.4808804392814636
37.0	22.0	0.4691157341003418
38.0	22.0	0.4742628037929535
39.0	22.0	0.47671377658843994
40.0	22.0	0.4732823967933655
41.0	22.0	0.47573336958885193
42.0	22.0	0.4857823848724365
43.0	22.0	0.4860275089740753
44.0	22.0	0.4845569133758545
45.0	22.0	0.4806353449821472
46.0	22.0	0.489213764667511
47.0	22.0	0.47107651829719543
48.0	22.0	0.46715494990348816
49.0	22.0	0.4598020017147064
50.0	22.0	0.4575961232185364
51.0	22.0	0.0
52.0	22.0	0.6311197876930237
53.0	22.0	0.6308746933937073
54.0	22.0	0.6218060851097107
55.0	22.0	0.6120021343231201
56.0	22.0	0.6171491742134094
57.0	22.0	0.5860217809677124
58.0	22.0	0.5627374649047852
59.0	22.0	0.585041344165802
60.0	22.0	0.5923942923545837
61.0	22.0	0.5068550705909729
62.0	22.0	0.43087470531463623
63.0	22.0	0.44288450479507446
64.0	22.0	0.4289139211177826
65.0	22.0	0.4338158667087555
66.0	22.0	0.4289139211177826
67.0	22.0	0.4279335141181946
1.0	23.0	0.48429074883461
2.0	23.0	0.4838005602359772
3.0	23.0	0.48183977603912354
4.0	23.0	0.47718289494514465
5.0	23.0	0.4759574234485626
6.0	23.0	0.47767311334609985
7.0	23.0	0.4788985848426819
8.0	23.0	0.4796338975429535
9.0	23.0	0.4791436791419983
10.0	23.0	0.48159468173980713
11.0	23.0	0.4703201651573181
12.0	23.0	0.4688495695590973
13.0	23.0	0.4590456485748291
14.0	23.0	0.4578201472759247
15.0	23.0	0.45120251178741455
16.0	23.0	0.44115349650382996
17.0	23.0	0.0
18.0	23.0	0.48112553358078003
19.0	23.0	0.4855372905731201
20.0	23.0	0.4862726032733917
21.0	23.0	0.4897039532661438
22.0	23.0	0.4835765063762665
23.0	23.0	0.48112553358078003
24.0	23.0	0.4843118190765381
25.0	23.0	0.48774316906929016
26.0	23.0	0.4897039532661438
27.0	23.0	0.489213764667511
28.0	23.0	0.4860275089740753
29.0	23.0	0.4862726032733917
30.0	23.0	0.4852921962738037
31.0	23.0	0.48308631777763367
32.0	23.0	0.47279220819473267
33.0	23.0	0.4740176796913147
34.0	23.0	0.0
35.0	23.0	0.47181180119514465
36.0	23.0	0.46764513850212097
37.0	23.0	0.46592944860458374
38.0	23.0	0.4644588828086853
39.0	23.0	0.46176278591156006
40.0	23.0	0.4629882872104645
41.0	23.0	0.468625545501709
42.0	23.0	0.4629882872104645
43.0	23.0	0.4642137587070465
44.0	23.0	0.46617454290390015
45.0	23.0	0.460537314414978
46.0	23.0	0.4580863118171692
47.0	23.0	0.45588043332099915
48.0	23.0	0.44141966104507446
49.0	23.0	0.43798828125
50.0	23.0	0.43039023876190186
51.0	23.0	0.0
52.0	23.0	0.43038448691368103
53.0	23.0	0.43038448691368103
54.0	23.0	0.4252374470233917
55.0	23.0	0.48381587862968445
56.0	23.0	0.572541356086731
57.0	23.0	0.6009727120399475
58.0	23.0	0.6154335141181946
59.0	23.0	0.6210707426071167
60.0	23.0	0.6321001648902893
61.0	23.0	0.6389629244804382
62.0	23.0	0.6154335141181946
63.0	23.0	0.5571001768112183
64.0	23.0	0.42548254132270813
65.0	23.0	0.4235217571258545
66.0	23.0	0.4284237027168274
67.0	23.0	0.41641390323638916
1.0	24.0	0.46149662137031555
2.0	24.0	0.4641927182674408
3.0	24.0	0.4605162441730499
4.0	24.0	0.4543887972831726
5.0	24.0	0.4580652713775635
6.0	24.0	0.45585936307907104
7.0	24.0	0.45095741748809814
8.0	24.0	0.4489966332912445
9.0	24.0	0.4384573996067047
10.0	24.0	0.4377221167087555
11.0	24.0	0.4333103597164154
12.0	24.0	0.433065265417099
13.0	24.0	0.4235064387321472
14.0	24.0	0.42179074883461
15.0	24.0	0.40536919236183167
16.0	24.0	0.4061044752597809
17.0	24.0	0.0
18.0	24.0	0.49215495586395264
19.0	24.0	0.4941157400608063
20.0	24.0	0.49754709005355835
21.0	24.0	0.49852749705314636
22.0	24.0	0.49828240275382996
23.0	24.0	0.49877259135246277
24.0	24.0	0.4990176856517792
25.0	24.0	0.4958314299583435
26.0	24.0	0.4958314299583435
27.0	24.0	0.4911745488643646
28.0	24.0	0.4948510229587555
29.0	24.0	0.49190986156463623
30.0	24.0	0.49166473746299744
31.0	24.0	0.4835765063762665
32.0	24.0	0.48186081647872925
33.0	24.0	0.47695887088775635
34.0	24.0	0.0
35.0	24.0	0.4522039592266083
36.0	24.0	0.4495078921318054
37.0	24.0	0.4526941776275635
38.0	24.0	0.45588043332099915
39.0	24.0	0.4485274851322174
40.0	24.0	0.44092947244644165
41.0	24.0	0.44583141803741455
42.0	24.0	0.44019415974617004
43.0	24.0	0.44166475534439087
44.0	24.0	0.4448510408401489
45.0	24.0	0.4394588768482208
46.0	24.0	0.44043925404548645
47.0	24.0	0.4284294545650482
48.0	24.0	0.4230372905731201
49.0	24.0	0.4215667247772217
50.0	24.0	0.4169098436832428
51.0	24.0	0.0
52.0	24.0	0.4855315685272217
53.0	24.0	0.479404091835022
54.0	24.0	0.4823452830314636
55.0	24.0	0.48308056592941284
56.0	24.0	0.4813648760318756
57.0	24.0	0.47401195764541626
58.0	24.0	0.46788451075553894
59.0	24.0	0.46763938665390015
60.0	24.0	0.46347272396087646
61.0	24.0	0.45783546566963196
62.0	24.0	0.4495021402835846
63.0	24.0	0.4495021402835846
64.0	24.0	0.4436197876930237
65.0	24.0	0.4343060553073883
66.0	24.0	0.4333256781101227
67.0	24.0	0.4276884198188782
1.0	25.0	0.5644378066062927
2.0	25.0	0.6012024879455566
3.0	25.0	0.5717907547950745
4.0	25.0	0.5575750470161438
5.0	25.0	0.5811044573783875
6.0	25.0	0.5134574174880981
7.0	25.0	0.4575750529766083
8.0	25.0	0.4595358371734619
9.0	25.0	0.46174171566963196
10.0	25.0	0.4695848524570465
11.0	25.0	0.47228094935417175
12.0	25.0	0.4744868278503418
13.0	25.0	0.4847809374332428
14.0	25.0	0.48110446333885193
15.0	25.0	0.48674172163009644
16.0	25.0	0.48698681592941284
17.0	25.0	0.0
18.0	25.0	0.6502431631088257
19.0	25.0	0.6507333517074585
20.0	25.0	0.6531843543052673
21.0	25.0	0.593625545501709
22.0	25.0	0.6688706278800964
23.0	25.0	0.6624980568885803
24.0	25.0	0.6504882574081421
25.0	25.0	0.6308804154396057
26.0	25.0	0.6220569014549255
27.0	25.0	0.6580862998962402
28.0	25.0	0.6384784579277039
29.0	25.0	0.615439236164093
30.0	25.0	0.6115176677703857
31.0	25.0	0.6279392838478088
32.0	25.0	0.6311255097389221
33.0	25.0	0.6208314299583435
34.0	25.0	0.0
35.0	25.0	0.4325961172580719
36.0	25.0	0.42891964316368103
37.0	25.0	0.4328412115573883
38.0	25.0	0.43063533306121826
39.0	25.0	0.43014514446258545
40.0	25.0	0.43014514446258545
41.0	25.0	0.4281843602657318
42.0	25.0	0.4227921962738037
43.0	25.0	0.4223020076751709
44.0	25.0	0.41911572217941284
45.0	25.0	0.41936081647872925
46.0	25.0	0.4105373024940491
47.0	25.0	0.40367454290390015
48.0	25.0	0.39950788021087646
49.0	25.0	0.3963216245174408
50.0	25.0	0.3924000561237335
51.0	25.0	0.0
52.0	25.0	0.5502374172210693
53.0	25.0	0.5455805659294128
54.0	25.0	0.5416589975357056
55.0	25.0	0.541904091835022
56.0	25.0	0.5392080545425415
57.0	25.0	0.5384727120399475
58.0	25.0	0.5396982431411743
59.0	25.0	0.5303844809532166
60.0	25.0	0.5294041037559509
61.0	25.0	0.5227864384651184
62.0	25.0	0.5232766270637512
63.0	25.0	0.5203354954719543
64.0	25.0	0.5200904011726379
65.0	25.0	0.5178844928741455
66.0	25.0	0.5097962617874146
67.0	25.0	0.5046492218971252
1.0	26.0	0.5619868040084839
2.0	26.0	0.5472809672355652
3.0	26.0	0.6213005781173706
4.0	26.0	0.5864966511726379
5.0	26.0	0.5793887972831726
6.0	26.0	0.5918887853622437
7.0	26.0	0.5367417335510254
8.0	26.0	0.5852711200714111
9.0	26.0	0.6463005542755127
10.0	26.0	0.5997319221496582
11.0	26.0	0.6012024879455566
12.0	26.0	0.6075750589370728
13.0	26.0	0.567133903503418
14.0	26.0	0.6129671931266785
15.0	26.0	0.5774279832839966
16.0	26.0	0.5749770402908325
17.0	26.0	0.0
18.0	26.0	0.6504882574081421
19.0	26.0	0.616174578666687
20.0	26.0	0.5556353330612183
21.0	26.0	0.4691157341003418
22.0	26.0	0.44043925404548645
23.0	26.0	0.5002431869506836
24.0	26.0	0.5563706159591675
25.0	26.0	0.5433804392814636
26.0	26.0	0.5566157102584839
27.0	26.0	0.5725470781326294
28.0	26.0	0.5789196491241455
29.0	26.0	0.5914196372032166
30.0	26.0	0.5541647672653198
31.0	26.0	0.5321059226989746
32.0	26.0	0.5362725853919983
33.0	26.0	0.5419098734855652
34.0	26.0	0.0
35.0	26.0	0.5022039413452148
36.0	26.0	0.510537326335907
37.0	26.0	0.5242627859115601
38.0	26.0	0.5205863118171692
39.0	26.0	0.5176451206207275
40.0	26.0	0.49313533306121826
41.0	26.0	0.5367627739906311
42.0	26.0	0.4480372965335846
43.0	26.0	0.5053902268409729
44.0	26.0	0.510537326335907
45.0	26.0	0.5473020076751709
46.0	26.0	0.489213764667511
47.0	26.0	0.48676279187202454
48.0	26.0	0.4948510229587555
49.0	26.0	0.512988269329071
50.0	26.0	0.5049000382423401
51.0	26.0	0.0
52.0	26.0	0.668864905834198
53.0	26.0	0.6198452711105347
54.0	26.0	0.6931295990943909
55.0	26.0	0.6762178540229797
56.0	26.0	0.6416590213775635
57.0	26.0	0.6892080307006836
58.0	26.0	0.660041332244873
59.0	26.0	0.6171491742134094
60.0	26.0	0.6901884078979492
61.0	26.0	0.656364917755127
62.0	26.0	0.6183747053146362
63.0	26.0	0.6686198115348816
64.0	26.0	0.6401883959770203
65.0	26.0	0.604404091835022
66.0	26.0	0.6830805540084839
67.0	26.0	0.6330806016921997
1.0	27.0	0.0
2.0	27.0	0.0
3.0	27.0	0.0
4.0	27.0	0.0
5.0	27.0	0.0
6.0	27.0	0.0
7.0	27.0	0.0
8.0	27.0	0.0
9.0	27.0	0.0
10.0	27.0	0.0
11.0	27.0	0.0
12.0	27.0	0.0
13.0	27.0	0.0
14.0	27.0	0.0
15.0	27.0	0.0
16.0	27.0	0.0
17.0	27.0	0.0
18.0	27.0	0.0
19.0	27.0	0.0
20.0	27.0	0.0
21.0	27.0	0.0
22.0	27.0	0.0
23.0	27.0	0.0
24.0	27.0	0.0
25.0	27.0	0.0
26.0	27.0	0.0
27.0	27.0	0.0
28.0	27.0	0.0
29.0	27.0	0.0
30.0	27.0	0.0
31.0	27.0	0.0
32.0	27.0	0.0
33.0	27.0	0.0
34.0	27.0	0.0
35.0	27.0	0.0
36.0	27.0	0.0
37.0	27.0	0.0
38.0	27.0	0.0
39.0	27.0	0.0
40.0	27.0	0.0
41.0	27.0	0.0
42.0	27.0	0.0
43.0	27.0	0.0
44.0	27.0	0.0
45.0	27.0	0.0
46.0	27.0	0.0
47.0	27.0	0.0
48.0	27.0	0.0
49.0	27.0	0.0
50.0	27.0	0.0
51.0	27.0	0.0
52.0	27.0	0.0
53.0	27.0	0.0
54.0	27.0	0.0
55.0	27.0	0.0
56.0	27.0	0.0
57.0	27.0	0.0
58.0	27.0	0.0
59.0	27.0	0.0
60.0	27.0	0.0
61.0	27.0	0.0
62.0	27.0	0.0
63.0	27.0	0.0
64.0	27.0	0.0
65.0	27.0	0.0
66.0	27.0	0.0
67.0	27.0	0.0
1.0	28.0	0.4272652566432953
2.0	28.0	0.44001033902168274
3.0	28.0	0.42971622943878174
4.0	28.0	0.4169711172580719
5.0	28.0	0.42898091673851013
6.0	28.0	0.4382946491241455
7.0	28.0	0.4333927035331726
8.0	28.0	0.4373142719268799
9.0	28.0	0.42505934834480286
10.0	28.0	0.4395201504230499
11.0	28.0	0.4419711232185364
12.0	28.0	0.4434417188167572
13.0	28.0	0.433637797832489
14.0	28.0	0.43143191933631897
15.0	28.0	0.4130495488643646
16.0	28.0	0.42432406544685364
17.0	28.0	0.0
18.0	28.0	0.4313802123069763
19.0	28.0	0.42672333121299744
20.0	28.0	0.4154488444328308
21.0	28.0	0.4142233431339264
22.0	28.0	0.41079196333885193
23.0	28.0	0.3997625708580017
24.0	28.0	0.39044883847236633
25.0	28.0	0.40123313665390015
26.0	28.0	0.42721354961395264
27.0	28.0	0.41789981722831726
28.0	28.0	0.4245174527168274
29.0	28.0	0.4188801944255829
30.0	28.0	0.41814491152763367
31.0	28.0	0.4095664918422699
32.0	28.0	0.42819392681121826
33.0	28.0	0.4424096345901489
34.0	28.0	0.0
35.0	28.0	0.4430587589740753
36.0	28.0	0.43374502658843994
37.0	28.0	0.43840187788009644
38.0	28.0	0.42418619990348816
39.0	28.0	0.4205097258090973
40.0	28.0	0.41805875301361084
41.0	28.0	0.3999215066432953
42.0	28.0	0.4001666009426117
43.0	28.0	0.39232346415519714
44.0	28.0	0.38791167736053467
45.0	28.0	0.3901175558567047
46.0	28.0	0.3746764063835144
47.0	28.0	0.3746764063835144
48.0	28.0	0.3592352271080017
49.0	28.0	0.3482058048248291
50.0	28.0	0.3435489535331726
51.0	28.0	0.0
52.0	28.0	0.45205461978912354
53.0	28.0	0.4393095076084137
54.0	28.0	0.4434761703014374
55.0	28.0	0.43710362911224365
56.0	28.0	0.4299957752227783
57.0	28.0	0.4451918601989746
58.0	28.0	0.4461722671985626
59.0	28.0	0.43587812781333923
60.0	28.0	0.44249579310417175
61.0	28.0	0.43685853481292725
62.0	28.0	0.46357423067092896
63.0	28.0	0.45818206667900085
64.0	28.0	0.44274088740348816
65.0	28.0	0.4542604982852936
66.0	28.0	0.45867225527763367
67.0	28.0	0.4542604982852936
1.0	29.0	0.41942209005355835
2.0	29.0	0.42407897114753723
3.0	29.0	0.41966721415519714
4.0	29.0	0.4228534698486328
5.0	29.0	0.4118240773677826
6.0	29.0	0.42554956674575806
7.0	29.0	0.4331476092338562
8.0	29.0	0.433637797832489
9.0	29.0	0.4238338768482208
10.0	29.0	0.4392750561237335
11.0	29.0	0.4429515302181244
12.0	29.0	0.44515740871429443
13.0	29.0	0.43461817502975464
14.0	29.0	0.4368240535259247
15.0	29.0	0.43633386492729187
16.0	29.0	0.4292260408401489
17.0	29.0	0.0
18.0	29.0	0.4301547110080719
19.0	29.0	0.42892923951148987
20.0	29.0	0.424272358417511
21.0	29.0	0.4257429540157318
22.0	29.0	0.43187040090560913
23.0	29.0	0.4308900237083435
24.0	29.0	0.43260568380355835
25.0	29.0	0.4573605954647064
26.0	29.0	0.458095908164978
27.0	29.0	0.45883119106292725
28.0	29.0	0.4519684314727783
29.0	29.0	0.4463312029838562
30.0	29.0	0.46005669236183167
31.0	29.0	0.45319393277168274
32.0	29.0	0.45785078406333923
33.0	29.0	0.45956647396087646
34.0	29.0	0.0
35.0	29.0	0.6334999203681946
36.0	29.0	0.6384018659591675
37.0	29.0	0.6486960053443909
38.0	29.0	0.6459999084472656
39.0	29.0	0.6352155804634094
40.0	29.0	0.6447744369506836
41.0	29.0	0.6413430571556091
42.0	29.0	0.6499214768409729
43.0	29.0	0.6582548022270203
44.0	29.0	0.6604607105255127
45.0	29.0	0.6700195074081421
46.0	29.0	0.6597254276275635
47.0	29.0	0.6665881872177124
48.0	29.0	0.6719803214073181
49.0	29.0	0.6614410877227783
50.0	29.0	0.6570293307304382
51.0	29.0	0.0
52.0	29.0	0.44200560450553894
53.0	29.0	0.4388193190097809
54.0	29.0	0.45278990268707275
55.0	29.0	0.45156440138816833
56.0	29.0	0.44274088740348816
57.0	29.0	0.4459271728992462
58.0	29.0	0.44690755009651184
59.0	29.0	0.444211483001709
60.0	29.0	0.45278990268707275
61.0	29.0	0.4554859697818756
62.0	29.0	0.45720165967941284
63.0	29.0	0.45671147108078003
64.0	29.0	0.4498487412929535
65.0	29.0	0.4393095076084137
66.0	29.0	0.4451918601989746
67.0	29.0	0.4344075620174408
1.0	30.0	0.5858436822891235
2.0	30.0	0.5993240475654602
3.0	30.0	0.5936868190765381
4.0	30.0	0.5882946252822876
5.0	30.0	0.5691770315170288
6.0	30.0	0.5993240475654602
7.0	30.0	0.6096181869506836
8.0	30.0	0.5782456398010254
9.0	30.0	0.5159907341003418
10.0	30.0	0.42505934834480286
11.0	30.0	0.43584367632865906
12.0	30.0	0.44687309861183167
13.0	30.0	0.4375593662261963
14.0	30.0	0.44074562191963196
15.0	30.0	0.42481425404548645
16.0	30.0	0.4128044545650482
17.0	30.0	0.0
18.0	30.0	0.4411841332912445
19.0	30.0	0.4470664858818054
20.0	30.0	0.4463312029838562
21.0	30.0	0.4502527713775635
22.0	30.0	0.4448606073856354
23.0	30.0	0.4517233371734619
24.0	30.0	0.45294883847236633
25.0	30.0	0.45441943407058716
26.0	30.0	0.45907628536224365
27.0	30.0	0.46888020634651184
28.0	30.0	0.4615272581577301
29.0	30.0	0.4656939208507538
30.0	30.0	0.4713311791419983
31.0	30.0	0.4725566804409027
32.0	30.0	0.4622625708580017
33.0	30.0	0.45711550116539
34.0	30.0	0.0
35.0	30.0	0.6236960291862488
36.0	30.0	0.6290881633758545
37.0	30.0	0.622470498085022
38.0	30.0	0.6359509229660034
39.0	30.0	0.627617597579956
40.0	30.0	0.6364411115646362
41.0	30.0	0.6207548379898071
42.0	30.0	0.6239411234855652
43.0	30.0	0.6268822550773621
44.0	30.0	0.6406077742576599
45.0	30.0	0.6320293545722961
46.0	30.0	0.6195293068885803
47.0	30.0	0.6192842125892639
48.0	30.0	0.6232057809829712
49.0	30.0	0.6070293188095093
50.0	30.0	0.6072744131088257
51.0	30.0	0.0
52.0	30.0	0.4407801032066345
53.0	30.0	0.445436954498291
54.0	30.0	0.44690755009651184
55.0	30.0	0.444211483001709
56.0	30.0	0.4456820487976074
57.0	30.0	0.45377030968666077
58.0	30.0	0.4554859697818756
59.0	30.0	0.4606330394744873
60.0	30.0	0.4598977565765381
61.0	30.0	0.465780109167099
62.0	30.0	0.4719075560569763
63.0	30.0	0.4603879451751709
64.0	30.0	0.4606330394744873
65.0	30.0	0.45695656538009644
66.0	30.0	0.45254480838775635
67.0	30.0	0.4397996962070465
1.0	31.0	0.49834367632865906
2.0	31.0	0.5968731045722961
3.0	31.0	0.5988338589668274
4.0	31.0	0.6240789890289307
5.0	31.0	0.6167260408401489
6.0	31.0	0.6233436465263367
7.0	31.0	0.6346181631088257
8.0	31.0	0.6027554273605347
9.0	31.0	0.5223633050918579
10.0	31.0	0.4380495548248291
11.0	31.0	0.42898091673851013
12.0	31.0	0.43118682503700256
13.0	31.0	0.43559858202934265
14.0	31.0	0.43045151233673096
15.0	31.0	0.42432406544685364
16.0	31.0	0.42407897114753723
17.0	31.0	0.0
18.0	31.0	0.4620174765586853
19.0	31.0	0.45981156826019287
20.0	31.0	0.45785078406333923
21.0	31.0	0.4563802182674408
22.0	31.0	0.46324294805526733
23.0	31.0	0.47035080194473267
24.0	31.0	0.4678998291492462
25.0	31.0	0.4818704128265381
26.0	31.0	0.4811351001262665
27.0	31.0	0.48456647992134094
28.0	31.0	0.4835861027240753
29.0	31.0	0.4823606014251709
30.0	31.0	0.4813801944255829
31.0	31.0	0.47941941022872925
32.0	31.0	0.4678998291492462
33.0	31.0	0.46937039494514465
34.0	31.0	0.0
35.0	31.0	0.4746764004230499
36.0	31.0	0.4673234522342682
37.0	31.0	0.4680587351322174
38.0	31.0	0.4722254276275635
39.0	31.0	0.47492149472236633
40.0	31.0	0.48129403591156006
41.0	31.0	0.47982344031333923
42.0	31.0	0.4879117012023926
43.0	31.0	0.489382266998291
44.0	31.0	0.4884018898010254
45.0	31.0	0.4896273612976074
46.0	31.0	0.4884018898010254
47.0	31.0	0.4785979688167572
48.0	31.0	0.48227444291114807
49.0	31.0	0.4680587351322174
50.0	31.0	0.4683038592338562
51.0	31.0	0.0
52.0	31.0	0.4549957811832428
53.0	31.0	0.4598977565765381
54.0	31.0	0.46357423067092896
55.0	31.0	0.4652898907661438
56.0	31.0	0.4662702977657318
57.0	31.0	0.46798598766326904
58.0	31.0	0.47386834025382996
59.0	31.0	0.47926050424575806
60.0	31.0	0.4807310700416565
61.0	31.0	0.47607421875
62.0	31.0	0.47975069284439087
63.0	31.0	0.47386834025382996
64.0	31.0	0.4721526503562927
65.0	31.0	0.4613683223724365
66.0	31.0	0.45744675397872925
67.0	31.0	0.46259382367134094
1.0	32.0	0.45128485560417175
2.0	32.0	0.44050052762031555
3.0	32.0	0.4331476092338562
4.0	32.0	0.4422162175178528
5.0	32.0	0.4382946491241455
6.0	32.0	0.4370691776275635
7.0	32.0	0.4380495548248291
8.0	32.0	0.44001033902168274
9.0	32.0	0.43535348773002625
10.0	32.0	0.44050052762031555
11.0	32.0	0.43584367632865906
12.0	32.0	0.43094170093536377
13.0	32.0	0.43437308073043823
14.0	32.0	0.4316770136356354
15.0	32.0	0.4292260408401489
16.0	32.0	0.4169711172580719
17.0	32.0	0.0
18.0	32.0	0.46986061334609985
19.0	32.0	0.4720664918422699
20.0	32.0	0.47990962862968445
21.0	32.0	0.4818704128265381
22.0	32.0	0.4823606014251709
23.0	32.0	0.4823606014251709
24.0	32.0	0.4921645224094391
25.0	32.0	0.49069392681121826
26.0	32.0	0.4911841154098511
27.0	32.0	0.49608609080314636
28.0	32.0	0.49020373821258545
29.0	32.0	0.4921645224094391
30.0	32.0	0.4916743338108063
31.0	32.0	0.4865272641181946
32.0	32.0	0.4816253185272217
33.0	32.0	0.48064491152763367
34.0	32.0	0.0
35.0	32.0	0.4638920724391937
36.0	32.0	0.46095091104507446
37.0	32.0	0.46609795093536377
38.0	32.0	0.46462738513946533
39.0	32.0	0.4643822908401489
40.0	32.0	0.4675685465335846
41.0	32.0	0.47099992632865906
42.0	32.0	0.4680587351322174
43.0	32.0	0.4680587351322174
44.0	32.0	0.4771273732185364
45.0	32.0	0.4724705219268799
46.0	32.0	0.4675685465335846
47.0	32.0	0.45923522114753723
48.0	32.0	0.4587450325489044
49.0	32.0	0.4562940299510956
50.0	32.0	0.44845089316368103
51.0	32.0	0.0
52.0	32.0	0.4824467599391937
53.0	32.0	0.48857420682907104
54.0	32.0	0.4802408814430237
55.0	32.0	0.48489776253700256
56.0	32.0	0.4861232340335846
57.0	32.0	0.48318207263946533
58.0	32.0	0.48440754413604736
59.0	32.0	0.48489776253700256
60.0	32.0	0.4902898967266083
61.0	32.0	0.4829369783401489
62.0	32.0	0.4799957871437073
63.0	32.0	0.47778990864753723
64.0	32.0	0.4807310700416565
65.0	32.0	0.4748487174510956
66.0	32.0	0.47411343455314636
67.0	32.0	0.46872127056121826
1.0	33.0	0.48829466104507446
2.0	33.0	0.4907456338405609
3.0	33.0	0.495157390832901
4.0	33.0	0.49246132373809814
5.0	33.0	0.4949122965335846
6.0	33.0	0.4809417128562927
7.0	33.0	0.48290249705314636
8.0	33.0	0.48216721415519714
9.0	33.0	0.4750593602657318
10.0	33.0	0.4704025089740753
11.0	33.0	0.47236329317092896
12.0	33.0	0.46329465508461
13.0	33.0	0.4591279923915863
14.0	33.0	0.4544711112976074
15.0	33.0	0.46206915378570557
16.0	33.0	0.4534907341003418
17.0	33.0	0.0
18.0	33.0	0.5029488205909729
19.0	33.0	0.5063802003860474
20.0	33.0	0.5071154832839966
21.0	33.0	0.5115272402763367
22.0	33.0	0.5129978656768799
23.0	33.0	0.5139782428741455
24.0	33.0	0.5066252946853638
25.0	33.0	0.5053998231887817
26.0	33.0	0.5071154832839966
27.0	33.0	0.5078508257865906
28.0	33.0	0.5083410143852234
29.0	33.0	0.5078508257865906
30.0	33.0	0.5115272402763367
31.0	33.0	0.5022135376930237
32.0	33.0	0.4987821578979492
33.0	33.0	0.5029488205909729
34.0	33.0	0.0
35.0	33.0	0.4366861879825592
36.0	33.0	0.4479607045650482
37.0	33.0	0.4535979628562927
38.0	33.0	0.45531365275382996
39.0	33.0	0.44550973176956177
40.0	33.0	0.45016658306121826
41.0	33.0	0.44869598746299744
42.0	33.0	0.44403913617134094
43.0	33.0	0.4464901089668274
44.0	33.0	0.44550973176956177
45.0	33.0	0.446245014667511
46.0	33.0	0.4457548260688782
47.0	33.0	0.4408528506755829
48.0	33.0	0.4379116892814636
49.0	33.0	0.4308038353919983
50.0	33.0	0.4322744309902191
51.0	33.0	0.0
52.0	33.0	0.4956820607185364
53.0	33.0	0.5005840063095093
54.0	33.0	0.5010741949081421
55.0	33.0	0.5015644431114197
56.0	33.0	0.4973977506160736
57.0	33.0	0.5020546317100525
58.0	33.0	0.4969075620174408
59.0	33.0	0.4971526563167572
60.0	33.0	0.49519187211990356
61.0	33.0	0.49543696641921997
62.0	33.0	0.4961722493171692
63.0	33.0	0.49372127652168274
64.0	33.0	0.4932310879230499
65.0	33.0	0.48269185423851013
66.0	33.0	0.4824467599391937
67.0	33.0	0.47926050424575806
1.0	34.0	0.5525103211402893
2.0	34.0	0.5446671843528748
3.0	34.0	0.546137809753418
4.0	34.0	0.54736328125
5.0	34.0	0.5451573729515076
6.0	34.0	0.5395201444625854
7.0	34.0	0.539275050163269
8.0	34.0	0.5409907102584839
9.0	34.0	0.534863293170929
10.0	34.0	0.5277554392814636
11.0	34.0	0.5243240594863892
12.0	34.0	0.5221182107925415
13.0	34.0	0.5199123024940491
14.0	34.0	0.5196672081947327
15.0	34.0	0.5125593543052673
16.0	34.0	0.5145201683044434
17.0	34.0	0.0
18.0	34.0	0.5350566506385803
19.0	34.0	0.5402037501335144
20.0	34.0	0.5421645045280457
21.0	34.0	0.549272358417511
22.0	34.0	0.549272358417511
23.0	34.0	0.5473116040229797
24.0	34.0	0.5465762615203857
25.0	34.0	0.6103017926216125
26.0	34.0	0.7000076770782471
27.0	34.0	0.6622625589370728
28.0	34.0	0.5975566506385803
29.0	34.0	0.674272358417511
30.0	34.0	0.6421645283699036
31.0	34.0	0.6115272641181946
32.0	34.0	0.6585860848426819
33.0	34.0	0.6590762734413147
34.0	34.0	0.0
35.0	34.0	0.42786267399787903
36.0	34.0	0.42957836389541626
37.0	34.0	0.43399012088775635
38.0	34.0	0.4315391480922699
39.0	34.0	0.43374502658843994
40.0	34.0	0.43374502658843994
41.0	34.0	0.43374502658843994
42.0	34.0	0.43276461958885193
43.0	34.0	0.42957836389541626
44.0	34.0	0.42369601130485535
45.0	34.0	0.42296069860458374
46.0	34.0	0.426882266998291
47.0	34.0	0.41805875301361084
48.0	34.0	0.4148724675178528
49.0	34.0	0.41413718461990356
50.0	34.0	0.4121764004230499
51.0	34.0	0.0
52.0	34.0	0.6454369425773621
53.0	34.0	0.6564663648605347
54.0	34.0	0.6775448322296143
55.0	34.0	0.5983781218528748
56.0	34.0	0.6601428389549255
57.0	34.0	0.662348747253418
58.0	34.0	0.6439663767814636
59.0	34.0	0.6214173436164856
60.0	34.0	0.6356330513954163
61.0	34.0	0.6596526503562927
62.0	34.0	0.632936954498291
63.0	34.0	0.5750938057899475
64.0	34.0	0.631711483001709
65.0	34.0	0.6564663648605347
66.0	34.0	0.6397997140884399
67.0	34.0	0.5471526384353638
1.0	35.0	0.7211377620697021
2.0	35.0	0.673588752746582
3.0	35.0	0.6132946610450745
4.0	35.0	0.6662358045578003
5.0	35.0	0.7086377739906311
6.0	35.0	0.6664808988571167
7.0	35.0	0.622363269329071
8.0	35.0	0.6939319372177124
9.0	35.0	0.6667260527610779
10.0	35.0	0.60986328125
11.0	35.0	0.6177064180374146
12.0	35.0	0.701775074005127
13.0	35.0	0.6326574087142944
14.0	35.0	0.598588764667511
15.0	35.0	0.6355985999107361
16.0	35.0	0.6701573729515076
17.0	35.0	0.0
18.0	35.0	0.6061351299285889
19.0	35.0	0.6482919454574585
20.0	35.0	0.6970664858818054
21.0	35.0	0.6362821459770203
22.0	35.0	0.6348115801811218
23.0	35.0	0.6909390091896057
24.0	35.0	0.6132429242134094
25.0	35.0	0.5982919931411743
26.0	35.0	0.5786841511726379
27.0	35.0	0.5848115682601929
28.0	35.0	0.6034390330314636
29.0	35.0	0.6058900356292725
30.0	35.0	0.6134880781173706
31.0	35.0	0.6039292216300964
32.0	35.0	0.5710861086845398
33.0	35.0	0.5720664858818054
34.0	35.0	0.0
35.0	35.0	0.5116862058639526
36.0	35.0	0.5232058167457581
37.0	35.0	0.48521560430526733
38.0	35.0	0.47688227891921997
39.0	35.0	0.47516658902168274
40.0	35.0	0.5153626799583435
41.0	35.0	0.5178136229515076
42.0	35.0	0.5028626918792725
43.0	35.0	0.5035979747772217
44.0	35.0	0.4986959993839264
45.0	35.0	0.5043332576751709
46.0	35.0	0.5023724436759949
47.0	35.0	0.5158528685569763
48.0	35.0	0.5334998965263367
49.0	35.0	0.5550685524940491
50.0	35.0	0.5695293545722961
51.0	35.0	0.0
52.0	35.0	0.5753389000892639
53.0	35.0	0.6915153861045837
54.0	35.0	0.5728879570960999
55.0	35.0	0.5630840063095093
56.0	35.0	0.561123251914978
57.0	35.0	0.5630840063095093
58.0	35.0	0.5652899146080017
59.0	35.0	0.5628389120101929
60.0	35.0	0.5608781576156616
61.0	35.0	0.5638192892074585
62.0	35.0	0.5601428747177124
63.0	35.0	0.5603879690170288
64.0	35.0	0.5706820487976074
65.0	35.0	0.5765644311904907
66.0	35.0	0.5709271430969238
67.0	35.0	0.570436954498291
