x	y	data
1.0	1.0	0.8552821001446023
2.0	1.0	0.07435130631815579
3.0	1.0	0.2443640387370305
4.0	1.0	0.03551151089822979
5.0	1.0	0.18779364089141093
6.0	1.0	0.5759771978031181
7.0	1.0	0.6104771497494434
8.0	1.0	0.4096058698053957
9.0	1.0	0.9385331013371163
10.0	1.0	0.9181094787573372
11.0	1.0	0.5503706634941008
12.0	1.0	0.006360803097647194
13.0	1.0	0.4436253897583342
14.0	1.0	0.7558109370707553
15.0	1.0	0.9649416385753053
16.0	1.0	0.12700043850508203
17.0	1.0	0.0
18.0	1.0	0.9163380741144134
19.0	1.0	0.027835243751412442
20.0	1.0	0.6270949495677602
21.0	1.0	0.9313099004649039
22.0	1.0	0.7728461139077747
23.0	1.0	0.037187117284905646
24.0	1.0	0.5689257837577175
25.0	1.0	0.05359265980708239
26.0	1.0	0.7099901025544213
27.0	1.0	0.7403650650726334
28.0	1.0	0.09163909705126794
29.0	1.0	0.524676176613992
30.0	1.0	0.503301022033912
31.0	1.0	0.8215848920050415
32.0	1.0	0.15328493923423392
33.0	1.0	0.19417973826058432
34.0	1.0	0.0
35.0	1.0	0.07682657227884726
36.0	1.0	0.49864086081646497
37.0	1.0	0.2362392403251743
38.0	1.0	0.11681745867134619
39.0	1.0	0.5904628007978994
40.0	1.0	0.578904182044607
41.0	1.0	0.008678001966122117
42.0	1.0	0.35718155668532714
43.0	1.0	0.5695615186396941
44.0	1.0	0.5401661336754295
45.0	1.0	0.46900575843439407
46.0	1.0	0.5508799993361724
47.0	1.0	0.5322119251399169
48.0	1.0	0.8613882283763423
49.0	1.0	0.25832752704061646
50.0	1.0	0.2556468148880655
51.0	1.0	0.0
52.0	1.0	0.22556990554245782
53.0	1.0	0.4655995069662098
54.0	1.0	0.8421458294583355
55.0	1.0	0.20079361395433382
56.0	1.0	0.9242324809086255
57.0	1.0	0.9204957999419834
58.0	1.0	0.5310807934334949
59.0	1.0	0.4908919361438968
60.0	1.0	0.33989665926008605
61.0	1.0	0.15422938440544542
62.0	1.0	0.16995063360055562
63.0	1.0	0.10006196598680783
64.0	1.0	0.9170503392206324
65.0	1.0	0.05585472333194863
66.0	1.0	0.1048695485010731
67.0	1.0	0.20822082826406674
1.0	2.0	0.30932375532406775
2.0	2.0	0.24513563727676613
3.0	2.0	0.6176821844492564
4.0	2.0	0.7205862015720341
5.0	2.0	0.7867936577389201
6.0	2.0	0.5606382472265867
7.0	2.0	0.15499038073735605
8.0	2.0	0.5762488810844884
9.0	2.0	0.06374179914249489
10.0	2.0	0.5905963849099076
11.0	2.0	0.8298370876969194
12.0	2.0	0.7676444834937521
13.0	2.0	0.30165515685251454
14.0	2.0	0.10250433070459719
15.0	2.0	0.5382203849571312
16.0	2.0	0.7530494512388153
17.0	2.0	0.0
18.0	2.0	0.3643834815011815
19.0	2.0	0.3448431004963215
20.0	2.0	0.17575610856476698
21.0	2.0	0.7175226590692851
22.0	2.0	0.40362469402750345
23.0	2.0	0.931965720441063
24.0	2.0	0.08148640549904385
25.0	2.0	0.0069264091814278395
26.0	2.0	0.027025904317163008
27.0	2.0	0.6207272063581286
28.0	2.0	0.024331913220992263
29.0	2.0	0.2999713585782209
30.0	2.0	0.9426878195119706
31.0	2.0	0.46351477332695756
32.0	2.0	0.08089044754336383
33.0	2.0	0.2659332418871019
34.0	2.0	0.0
35.0	2.0	0.5803742781413017
36.0	2.0	0.5040649913679436
37.0	2.0	0.04881712703521912
38.0	2.0	0.332592797647818
39.0	2.0	0.7163324570175651
40.0	2.0	0.7232480931852785
41.0	2.0	0.5902185290530797
42.0	2.0	0.5113785748409889
43.0	2.0	0.7845712858339706
44.0	2.0	0.8368092456857279
45.0	2.0	0.31256602587964877
46.0	2.0	0.886695952172732
47.0	2.0	0.018492316183398305
48.0	2.0	0.7414131110482471
49.0	2.0	0.11916024152428784
50.0	2.0	0.2615537017721581
51.0	2.0	0.0
52.0	2.0	0.2851058110387621
53.0	2.0	0.8680038829109218
54.0	2.0	0.94520125825865
55.0	2.0	0.4297699042963816
56.0	2.0	0.14790707559667093
57.0	2.0	0.6171032020758562
58.0	2.0	0.9287502372316228
59.0	2.0	0.056638537672788036
60.0	2.0	0.5459518148394908
61.0	2.0	0.019121567657028438
62.0	2.0	0.4853960771709098
63.0	2.0	0.2800990114592763
64.0	2.0	0.4988426289884935
65.0	2.0	0.5337018769492523
66.0	2.0	0.09228483542653065
67.0	2.0	0.6422938479794396
1.0	3.0	0.09230878518381957
2.0	3.0	0.3184403498736734
3.0	3.0	0.8407170035670386
4.0	3.0	0.8485846699660866
5.0	3.0	0.31185169422298165
6.0	3.0	0.4143524699118961
7.0	3.0	0.5564832642366828
8.0	3.0	0.35530926404887375
9.0	3.0	0.16730448798251718
10.0	3.0	0.87869789004392
11.0	3.0	0.18121473899705332
12.0	3.0	0.1347326689603412
13.0	3.0	0.11076592542744423
14.0	3.0	0.3132414612051735
15.0	3.0	0.630531743680224
16.0	3.0	0.025452876501806054
17.0	3.0	0.0
18.0	3.0	0.31042892692312396
19.0	3.0	0.5204471183636352
20.0	3.0	0.5899003969394501
21.0	3.0	0.5305707853804253
22.0	3.0	0.8204392164018148
23.0	3.0	0.8256809373874836
24.0	3.0	0.3671615224839688
25.0	3.0	0.9603343496862045
26.0	3.0	0.5655442609736157
27.0	3.0	0.9106094852796809
28.0	3.0	0.8720827515250398
29.0	3.0	0.7743041814321314
30.0	3.0	0.42950046269491127
31.0	3.0	0.29022922283502406
32.0	3.0	0.09625567275001123
33.0	3.0	0.5140667801261314
34.0	3.0	0.0
35.0	3.0	0.050862572160467856
36.0	3.0	0.9993047732405635
37.0	3.0	0.6368800144625679
38.0	3.0	0.7842805745984445
39.0	3.0	0.9056032366302058
40.0	3.0	0.9238947616595754
41.0	3.0	0.6771472497386117
42.0	3.0	0.6762196286609146
43.0	3.0	0.6663278637905428
44.0	3.0	0.58720892674055
45.0	3.0	0.16004489383370868
46.0	3.0	0.5768050239231262
47.0	3.0	0.870582664365974
48.0	3.0	0.6253939012060055
49.0	3.0	0.9725156570229958
50.0	3.0	0.3699107475160264
51.0	3.0	0.0
52.0	3.0	0.9430556070672746
53.0	3.0	0.5797770206483612
54.0	3.0	0.923063927772775
55.0	3.0	0.9607238866644743
56.0	3.0	0.6855089276378188
57.0	3.0	0.52265259086874
58.0	3.0	0.9087299952410921
59.0	3.0	0.8208190640129664
60.0	3.0	0.9179347436673733
61.0	3.0	0.3237289163710999
62.0	3.0	0.2819542215831743
63.0	3.0	0.3487687065949747
64.0	3.0	0.9435170951796099
65.0	3.0	0.7374516440771979
66.0	3.0	0.4658854669105763
67.0	3.0	0.13450144769990446
1.0	4.0	0.6311811472854316
2.0	4.0	0.04714636291580865
3.0	4.0	0.42857174468688775
4.0	4.0	0.8432890536562916
5.0	4.0	0.008345604466735157
6.0	4.0	0.6210270494017534
7.0	4.0	0.8840031157082084
8.0	4.0	0.8534200868710076
9.0	4.0	0.6362974660574265
10.0	4.0	0.858203165046906
11.0	4.0	0.7574111453573251
12.0	4.0	0.7027337644970961
13.0	4.0	0.3309420376288561
14.0	4.0	0.8364669154886071
15.0	4.0	0.5535204959629976
16.0	4.0	0.17706407388521006
17.0	4.0	0.0
18.0	4.0	0.6978210002695171
19.0	4.0	0.5605440092172713
20.0	4.0	0.5062171517692606
21.0	4.0	0.3592671836060173
22.0	4.0	0.7278507881519822
23.0	4.0	0.15738992413216635
24.0	4.0	0.7763710241935446
25.0	4.0	0.8544378059325455
26.0	4.0	0.40493790124190343
27.0	4.0	0.09838438271793115
28.0	4.0	0.6179598826478347
29.0	4.0	0.38042251589903175
30.0	4.0	0.40455398843106005
31.0	4.0	0.6053460082899058
32.0	4.0	0.3318627509242451
33.0	4.0	0.14152230226932216
34.0	4.0	0.0
35.0	4.0	0.06755441331801348
36.0	4.0	0.5138932524527471
37.0	4.0	0.39429729076665665
38.0	4.0	0.548511787164814
39.0	4.0	0.3438789607697963
40.0	4.0	0.08298516518761123
41.0	4.0	0.9245252179780508
42.0	4.0	0.3053009094396939
43.0	4.0	0.8573065293459607
44.0	4.0	0.815177884305355
45.0	4.0	0.21416870809430222
46.0	4.0	0.11993459609782864
47.0	4.0	0.9930195537221147
48.0	4.0	0.4678829422061914
49.0	4.0	0.7276638967630955
50.0	4.0	0.07792156573981002
51.0	4.0	0.0
52.0	4.0	0.07685723099938357
53.0	4.0	0.06740117027412329
54.0	4.0	0.4494910258934395
55.0	4.0	0.6794970288865114
56.0	4.0	0.9609852756098078
57.0	4.0	0.5740491216738264
58.0	4.0	0.11706609648493549
59.0	4.0	0.4675559289109541
60.0	4.0	0.9100704496573808
61.0	4.0	0.8460275569909492
62.0	4.0	0.7420870309952334
63.0	4.0	0.32264350607372805
64.0	4.0	0.6908660032389606
65.0	4.0	0.6256531226596929
66.0	4.0	0.25550753947467797
67.0	4.0	0.26419121045858107
1.0	5.0	0.6549195287857852
2.0	5.0	0.8094350737462972
3.0	5.0	0.1679979920118484
4.0	5.0	0.1188182071829611
5.0	5.0	0.07589927018502807
6.0	5.0	0.4997743400050181
7.0	5.0	0.15821769944775177
8.0	5.0	0.7162175568382056
9.0	5.0	0.3166104491104911
10.0	5.0	0.8483964851710157
11.0	5.0	0.033879407986719956
12.0	5.0	0.9353181767847341
13.0	5.0	0.842539805896799
14.0	5.0	0.8302237743704419
15.0	5.0	0.49068735511727146
16.0	5.0	0.11618138222893237
17.0	5.0	0.0
18.0	5.0	0.22269536177937366
19.0	5.0	0.23184847245533513
20.0	5.0	0.9876947124464359
21.0	5.0	0.6519362119613352
22.0	5.0	0.8698979416129506
23.0	5.0	0.2644054431938594
24.0	5.0	0.11154311271998196
25.0	5.0	0.21350945925047426
26.0	5.0	0.9741760006713895
27.0	5.0	0.657109894018566
28.0	5.0	0.949467611346861
29.0	5.0	0.4980046352687608
30.0	5.0	0.9198156933712391
31.0	5.0	0.2531664307604031
32.0	5.0	0.3459024230073309
33.0	5.0	0.5333823674413294
34.0	5.0	0.0
35.0	5.0	0.027490439880409
36.0	5.0	0.305557678362375
37.0	5.0	0.048509847723567034
38.0	5.0	0.09035458205972335
39.0	5.0	0.26051442114532897
40.0	5.0	0.945404335544598
41.0	5.0	0.7362516970982786
42.0	5.0	0.04006948372263297
43.0	5.0	0.4106402743551951
44.0	5.0	0.5880468464020396
45.0	5.0	0.8943122398041088
46.0	5.0	0.001617960479522118
47.0	5.0	0.8178974811662534
48.0	5.0	0.8199504449066486
49.0	5.0	0.018739514424930936
50.0	5.0	0.7897095457838625
51.0	5.0	0.0
52.0	5.0	0.24289459347704412
53.0	5.0	0.17186993457031008
54.0	5.0	0.334645853089905
55.0	5.0	0.20520092311908833
56.0	5.0	0.9130877142458038
57.0	5.0	0.6781947184012598
58.0	5.0	0.21083877008073149
59.0	5.0	0.8531037898935929
60.0	5.0	0.22525374746878013
61.0	5.0	0.8228693214201441
62.0	5.0	0.32438892801800856
63.0	5.0	0.736425243747701
64.0	5.0	0.5019043609984879
65.0	5.0	0.10055891101038794
66.0	5.0	0.39431516366162156
67.0	5.0	0.7281100767761337
1.0	6.0	0.9897500359308793
2.0	6.0	0.1146024546504687
3.0	6.0	0.34835664529978394
4.0	6.0	0.5285668055438077
5.0	6.0	0.7377443869096287
6.0	6.0	0.9289014173369374
7.0	6.0	0.5443027503173332
8.0	6.0	0.3753100919779149
9.0	6.0	0.14275908703988427
10.0	6.0	0.5066028320875093
11.0	6.0	0.506523300801702
12.0	6.0	0.6805393087425862
13.0	6.0	0.33255585958553313
14.0	6.0	0.25842764690055
15.0	6.0	0.29825630246440293
16.0	6.0	0.8459495427156607
17.0	6.0	0.0
18.0	6.0	0.5737696621791037
19.0	6.0	0.8213284154148979
20.0	6.0	0.5502128940537105
21.0	6.0	0.43494356131572154
22.0	6.0	0.9411624047942673
23.0	6.0	0.29390718919867576
24.0	6.0	0.5390197896128439
25.0	6.0	0.0687802092178571
26.0	6.0	0.19412741533157485
27.0	6.0	0.45085267102586957
28.0	6.0	0.7981405500802232
29.0	6.0	0.6850832501893265
30.0	6.0	0.3562376936494349
31.0	6.0	0.16216106379909667
32.0	6.0	0.43094853674724676
33.0	6.0	0.48007822827444846
34.0	6.0	0.0
35.0	6.0	0.7356653966521072
36.0	6.0	0.07361613474833417
37.0	6.0	0.6501091669061536
38.0	6.0	0.8314024492729106
39.0	6.0	0.7493603112367642
40.0	6.0	0.585705786640011
41.0	6.0	0.561163129851064
42.0	6.0	0.7966138389462958
43.0	6.0	0.23572775302565518
44.0	6.0	0.6465291324602174
45.0	6.0	0.3849253783200217
46.0	6.0	0.7623496936738101
47.0	6.0	0.8704259136608168
48.0	6.0	0.18426614210948378
49.0	6.0	0.9298594256248711
50.0	6.0	0.6433099621689173
51.0	6.0	0.0
52.0	6.0	0.29806504619287466
53.0	6.0	0.9211292044830619
54.0	6.0	0.3361283263125725
55.0	6.0	0.3147325067558062
56.0	6.0	0.464443699439371
57.0	6.0	0.3668240943580863
58.0	6.0	0.43792755802620853
59.0	6.0	0.6630791649613252
60.0	6.0	0.6616732797959259
61.0	6.0	0.17636319602452444
62.0	6.0	0.7572207870324545
63.0	6.0	0.4253280895159366
64.0	6.0	0.48931576109861874
65.0	6.0	0.9230283309118938
66.0	6.0	0.9856599361816687
67.0	6.0	0.18943751983759838
1.0	7.0	0.7567850399727014
2.0	7.0	0.29638386314362664
3.0	7.0	0.9288682302802089
4.0	7.0	0.8140953660821197
5.0	7.0	0.08899047063434962
6.0	7.0	0.7290276491445051
7.0	7.0	0.9122156240509798
8.0	7.0	0.5439491242492873
9.0	7.0	0.28178608327988064
10.0	7.0	0.07037663317837373
11.0	7.0	0.7434885134609535
12.0	7.0	0.5892690187731273
13.0	7.0	0.4605368745334968
14.0	7.0	0.07432324385655509
15.0	7.0	0.38632664543686834
16.0	7.0	0.5509107771982875
17.0	7.0	0.0
18.0	7.0	0.3796523207723044
19.0	7.0	0.48205620205634614
20.0	7.0	0.36476564898692976
21.0	7.0	0.23587859194540006
22.0	7.0	0.816469829110559
23.0	7.0	0.8437502200541669
24.0	7.0	0.8681576589304467
25.0	7.0	0.5774328213210309
26.0	7.0	0.9079831583850675
27.0	7.0	0.21164874496075692
28.0	7.0	0.1408536317304181
29.0	7.0	0.7262588808238724
30.0	7.0	0.04059234350031993
31.0	7.0	0.7669265963705043
32.0	7.0	0.0785663785803643
33.0	7.0	0.2729133218648292
34.0	7.0	0.0
35.0	7.0	0.9687865599558396
36.0	7.0	0.5876132631075348
37.0	7.0	0.9974749502527127
38.0	7.0	0.8532505354825377
39.0	7.0	0.9302088535979989
40.0	7.0	0.7672714488062766
41.0	7.0	0.7047780378208939
42.0	7.0	0.9880546938567043
43.0	7.0	0.41559593040873466
44.0	7.0	0.8487442903346933
45.0	7.0	0.7185833123501328
46.0	7.0	0.34529370938433357
47.0	7.0	0.16464347135188961
48.0	7.0	0.7158116456660166
49.0	7.0	0.9654437954583137
50.0	7.0	0.5948322533502475
51.0	7.0	0.0
52.0	7.0	0.3391843154784917
53.0	7.0	0.8140530411051896
54.0	7.0	0.44439002182325416
55.0	7.0	0.06667337196169631
56.0	7.0	0.7485282819073593
57.0	7.0	0.3389150000656296
58.0	7.0	0.17682547416763672
59.0	7.0	0.015643009066357072
60.0	7.0	0.9636317803798724
61.0	7.0	0.030884240126017426
62.0	7.0	0.8116931375192986
63.0	7.0	0.05378744839378302
64.0	7.0	0.6746137311071772
65.0	7.0	0.44976560491893824
66.0	7.0	0.8958835206914433
67.0	7.0	0.6616124814717075
1.0	8.0	0.5469002553130253
2.0	8.0	0.9386505911715732
3.0	8.0	0.02692058596587077
4.0	8.0	0.523583383423903
5.0	8.0	0.5268706397612546
6.0	8.0	0.2741000031968013
7.0	8.0	0.41657252433970626
8.0	8.0	0.9022825472181082
9.0	8.0	0.228523850337218
10.0	8.0	0.08030609158358892
11.0	8.0	0.09620971316406224
12.0	8.0	0.30169052116486794
13.0	8.0	0.8781474755470118
14.0	8.0	0.4190587488855466
15.0	8.0	0.6743348864865222
16.0	8.0	0.020642827843522893
17.0	8.0	0.0
18.0	8.0	0.9358946870498797
19.0	8.0	0.16114215279407462
20.0	8.0	0.7938603848937018
21.0	8.0	0.8900973289477452
22.0	8.0	0.13341779034134338
23.0	8.0	0.6603574155975258
24.0	8.0	0.5191805649855739
25.0	8.0	0.8743094567407494
26.0	8.0	0.26199593282234934
27.0	8.0	0.8111410656921048
28.0	8.0	0.5376112589635977
29.0	8.0	0.14280311124754164
30.0	8.0	0.5263319870666889
31.0	8.0	0.10128229435056313
32.0	8.0	0.13092168930935655
33.0	8.0	0.6563673519939508
34.0	8.0	0.0
35.0	8.0	0.4324347394492276
36.0	8.0	0.5766489609446226
37.0	8.0	0.15884310752418895
38.0	8.0	0.18586281022331286
39.0	8.0	0.08689400023343863
40.0	8.0	0.2573320179121694
41.0	8.0	0.278423421857122
42.0	8.0	0.1702152564262407
43.0	8.0	0.5284033508092802
44.0	8.0	0.9925198036725875
45.0	8.0	0.7577017905519507
46.0	8.0	0.0781246087304106
47.0	8.0	0.32741931108983113
48.0	8.0	0.059747619158966314
49.0	8.0	0.8328252703306496
50.0	8.0	0.22495537916257935
51.0	8.0	0.0
52.0	8.0	0.4158027153544672
53.0	8.0	0.5548056198293838
54.0	8.0	0.4359011743922572
55.0	8.0	0.04150630274004086
56.0	8.0	0.966519953748564
57.0	8.0	0.7639588103413555
58.0	8.0	0.6884712841572602
59.0	8.0	0.48862589915268684
60.0	8.0	0.3000179048440239
61.0	8.0	0.8418426120518958
62.0	8.0	0.9369722828879088
63.0	8.0	0.41571741466301027
64.0	8.0	0.9824300061724884
65.0	8.0	0.0547352043654632
66.0	8.0	0.0874531174239177
67.0	8.0	0.49279229361580135
1.0	9.0	0.0
2.0	9.0	0.0
3.0	9.0	0.0
4.0	9.0	0.0
5.0	9.0	0.0
6.0	9.0	0.0
7.0	9.0	0.0
8.0	9.0	0.0
9.0	9.0	0.0
10.0	9.0	0.0
11.0	9.0	0.0
12.0	9.0	0.0
13.0	9.0	0.0
14.0	9.0	0.0
15.0	9.0	0.0
16.0	9.0	0.0
17.0	9.0	0.0
18.0	9.0	0.0
19.0	9.0	0.0
20.0	9.0	0.0
21.0	9.0	0.0
22.0	9.0	0.0
23.0	9.0	0.0
24.0	9.0	0.0
25.0	9.0	0.0
26.0	9.0	0.0
27.0	9.0	0.0
28.0	9.0	0.0
29.0	9.0	0.0
30.0	9.0	0.0
31.0	9.0	0.0
32.0	9.0	0.0
33.0	9.0	0.0
34.0	9.0	0.0
35.0	9.0	0.0
36.0	9.0	0.0
37.0	9.0	0.0
38.0	9.0	0.0
39.0	9.0	0.0
40.0	9.0	0.0
41.0	9.0	0.0
42.0	9.0	0.0
43.0	9.0	0.0
44.0	9.0	0.0
45.0	9.0	0.0
46.0	9.0	0.0
47.0	9.0	0.0
48.0	9.0	0.0
49.0	9.0	0.0
50.0	9.0	0.0
51.0	9.0	0.0
52.0	9.0	0.0
53.0	9.0	0.0
54.0	9.0	0.0
55.0	9.0	0.0
56.0	9.0	0.0
57.0	9.0	0.0
58.0	9.0	0.0
59.0	9.0	0.0
60.0	9.0	0.0
61.0	9.0	0.0
62.0	9.0	0.0
63.0	9.0	0.0
64.0	9.0	0.0
65.0	9.0	0.0
66.0	9.0	0.0
67.0	9.0	0.0
1.0	10.0	0.3628201266753417
2.0	10.0	0.8779408852212875
3.0	10.0	0.9848918095819972
4.0	10.0	0.40268924473272105
5.0	10.0	0.770622173320685
6.0	10.0	0.1898834391889075
7.0	10.0	0.6057278791354874
8.0	10.0	0.45316874491289916
9.0	10.0	0.865528253325083
10.0	10.0	0.0648918218233474
11.0	10.0	0.7504887604365647
12.0	10.0	0.8097493079371836
13.0	10.0	0.45952502790587557
14.0	10.0	0.5003412277924519
15.0	10.0	0.14402710997189883
16.0	10.0	0.6861347662605717
17.0	10.0	0.0
18.0	10.0	0.37847547256483627
19.0	10.0	0.20429789855535363
20.0	10.0	0.030251786955920457
21.0	10.0	0.25023566417342713
22.0	10.0	0.6798701668091416
23.0	10.0	0.8528015385593353
24.0	10.0	0.5228359182872115
25.0	10.0	0.34066086419428787
26.0	10.0	0.6290804975938902
27.0	10.0	0.6636046390214307
28.0	10.0	0.9865855653434059
29.0	10.0	0.5371292365258085
30.0	10.0	0.7699554445231984
31.0	10.0	0.7326168869171243
32.0	10.0	0.4075355889675183
33.0	10.0	0.13909590437015318
34.0	10.0	0.0
35.0	10.0	0.004659579788949042
36.0	10.0	0.011858793584852423
37.0	10.0	0.9489754085662616
38.0	10.0	0.19293837790311685
39.0	10.0	0.722817800273087
40.0	10.0	0.3334368725031702
41.0	10.0	0.7681525657190762
42.0	10.0	0.3245421449837975
43.0	10.0	0.5518182050549896
44.0	10.0	0.7398849594380748
45.0	10.0	0.6996565840152946
46.0	10.0	0.2707840486241322
47.0	10.0	0.6928761329445459
48.0	10.0	0.8988134370934511
49.0	10.0	0.5012176434197564
50.0	10.0	0.8159846791820129
51.0	10.0	0.0
52.0	10.0	0.19621648471749475
53.0	10.0	0.8025703531960462
54.0	10.0	0.7229863540845582
55.0	10.0	0.6541179184654589
56.0	10.0	0.6121590556836967
57.0	10.0	0.46583623160376897
58.0	10.0	0.28656744805628276
59.0	10.0	0.25067256313362773
60.0	10.0	0.5863121644322076
61.0	10.0	0.17337769475530806
62.0	10.0	0.10693796979360481
63.0	10.0	0.17332419625127127
64.0	10.0	0.4207670089530815
65.0	10.0	0.7927048159035341
66.0	10.0	0.692501447204479
67.0	10.0	0.27575825467199855
1.0	11.0	0.6718636325260241
2.0	11.0	0.8362062551906289
3.0	11.0	0.6492403328845628
4.0	11.0	0.3504249578684684
5.0	11.0	0.2757672392286319
6.0	11.0	0.1495960396354099
7.0	11.0	0.8157307562062097
8.0	11.0	0.5852482755317794
9.0	11.0	0.33895327079987037
10.0	11.0	0.1339238704039667
11.0	11.0	0.5600982393754628
12.0	11.0	0.770924557392852
13.0	11.0	0.6076561898669344
14.0	11.0	0.938183699691036
15.0	11.0	0.8179061863860972
16.0	11.0	0.9249740396221917
17.0	11.0	0.0
18.0	11.0	0.6695969489213567
19.0	11.0	0.7610445887201835
20.0	11.0	0.2587968105420222
21.0	11.0	0.9309697715986665
22.0	11.0	0.32184753544204914
23.0	11.0	0.9946419774869417
24.0	11.0	0.9063574228930589
25.0	11.0	0.6747917459606263
26.0	11.0	0.7318445092457477
27.0	11.0	0.9709043425971673
28.0	11.0	0.346422145376031
29.0	11.0	0.960972631114497
30.0	11.0	0.01898377039070498
31.0	11.0	0.16680356497041537
32.0	11.0	0.680414895510373
33.0	11.0	0.7043743441628982
34.0	11.0	0.0
35.0	11.0	0.9493472164861323
36.0	11.0	0.13231981137013316
37.0	11.0	0.10163613179638364
38.0	11.0	0.020868131409248702
39.0	11.0	0.680090354452896
40.0	11.0	0.7648800663261128
41.0	11.0	0.73886902283121
42.0	11.0	0.1661122001617219
43.0	11.0	0.7763851805402684
44.0	11.0	0.8676189629940063
45.0	11.0	0.6899320522230861
46.0	11.0	0.19850491326516861
47.0	11.0	0.6099372768837485
48.0	11.0	0.4750598683807996
49.0	11.0	0.20928805429203812
50.0	11.0	0.276555991027972
51.0	11.0	0.0
52.0	11.0	0.555934444580066
53.0	11.0	0.49634338090310504
54.0	11.0	0.4135681730113261
55.0	11.0	0.3725913802750995
56.0	11.0	0.6033713872619437
57.0	11.0	0.19699290262531588
58.0	11.0	0.13221191555921696
59.0	11.0	0.12239587384534745
60.0	11.0	0.20530216497202036
61.0	11.0	0.790855360891819
62.0	11.0	0.26759594190389957
63.0	11.0	0.9805528883357428
64.0	11.0	0.4897768046150759
65.0	11.0	0.9682858561223637
66.0	11.0	0.8876314417477504
67.0	11.0	0.5835757929313494
1.0	12.0	0.43146509189940874
2.0	12.0	0.8272177692499378
3.0	12.0	0.439901390711138
4.0	12.0	0.4511742961197398
5.0	12.0	0.46978790002490034
6.0	12.0	0.8486112026911041
7.0	12.0	0.6006049217930258
8.0	12.0	0.7841895382126203
9.0	12.0	0.9248581091697503
10.0	12.0	0.7449848004241733
11.0	12.0	0.031666516046750415
12.0	12.0	0.8512416782181871
13.0	12.0	0.8183005592833392
14.0	12.0	0.08434352698698033
15.0	12.0	0.23610784587769373
16.0	12.0	0.8434717482948775
17.0	12.0	0.0
18.0	12.0	0.7424909448254493
19.0	12.0	0.8783493428003619
20.0	12.0	0.06399412301178065
21.0	12.0	0.8570847134513662
22.0	12.0	0.5885946094806849
23.0	12.0	0.228714132143091
24.0	12.0	0.6535849476183919
25.0	12.0	0.7764274257584909
26.0	12.0	0.5825225133196861
27.0	12.0	0.4407046716742906
28.0	12.0	0.322891800501383
29.0	12.0	0.5681152580515767
30.0	12.0	0.47502132415613807
31.0	12.0	0.5164799527143176
32.0	12.0	0.5619859644169476
33.0	12.0	0.08768808158310493
34.0	12.0	0.0
35.0	12.0	0.3258759023608604
36.0	12.0	0.12217188539564816
37.0	12.0	0.9259937767605082
38.0	12.0	0.3743142203358052
39.0	12.0	0.6703346208512673
40.0	12.0	0.6764796536697228
41.0	12.0	0.005561727928482307
42.0	12.0	0.715489361083494
43.0	12.0	0.2505198678720495
44.0	12.0	0.9417423773952274
45.0	12.0	0.9946274834933186
46.0	12.0	0.8713986353821463
47.0	12.0	0.7639196361319041
48.0	12.0	0.011581022910397643
49.0	12.0	0.8615239771938821
50.0	12.0	0.9960078819844034
51.0	12.0	0.0
52.0	12.0	0.5139946770976613
53.0	12.0	0.2890358864161662
54.0	12.0	0.5392427826056907
55.0	12.0	0.8292584678566759
56.0	12.0	0.292264033397051
57.0	12.0	0.23818627008197524
58.0	12.0	0.9523786996622514
59.0	12.0	0.06640565979084712
60.0	12.0	0.6697313178218502
61.0	12.0	0.8807883664747782
62.0	12.0	0.33560805972490937
63.0	12.0	0.618934279275859
64.0	12.0	0.08783405770042729
65.0	12.0	0.20668890092958536
66.0	12.0	0.763425832928377
67.0	12.0	0.620317719657572
1.0	13.0	0.04744417596063277
2.0	13.0	0.7897136077087767
3.0	13.0	0.17278556887489316
4.0	13.0	0.7858412736279274
5.0	13.0	0.9082096022180499
6.0	13.0	0.01489438017233069
7.0	13.0	0.5829527612820993
8.0	13.0	0.3716415343672468
9.0	13.0	0.3844046892440449
10.0	13.0	0.9089382830074908
11.0	13.0	0.3762249898874046
12.0	13.0	0.6423501196810142
13.0	13.0	0.330224194163917
14.0	13.0	0.13451633496904924
15.0	13.0	0.7010770346650519
16.0	13.0	0.4092476749899898
17.0	13.0	0.0
18.0	13.0	0.6269594188722991
19.0	13.0	0.5267895918059704
20.0	13.0	0.7524361703281677
21.0	13.0	0.7562639502283146
22.0	13.0	0.3786934411352012
23.0	13.0	0.10309978248073204
24.0	13.0	0.1412404100533895
25.0	13.0	0.2951942098077285
26.0	13.0	0.954662565771488
27.0	13.0	0.64889020872012
28.0	13.0	0.16606374269732527
29.0	13.0	0.0845253810440556
30.0	13.0	0.15666082873342324
31.0	13.0	0.288795912762724
32.0	13.0	0.6528016143435054
33.0	13.0	0.4467909642896235
34.0	13.0	0.0
35.0	13.0	0.6122888821568155
36.0	13.0	0.07208803164727118
37.0	13.0	0.17231172123395733
38.0	13.0	0.7767285570497333
39.0	13.0	0.05526555980836845
40.0	13.0	0.41448034046036986
41.0	13.0	0.09037892873669717
42.0	13.0	0.8501822541127841
43.0	13.0	0.47927493060072934
44.0	13.0	0.8421553354554381
45.0	13.0	0.16889246991544504
46.0	13.0	0.6079183088684896
47.0	13.0	0.32136895154653033
48.0	13.0	0.8147548454613132
49.0	13.0	0.49863836768928715
50.0	13.0	0.12502752697075747
51.0	13.0	0.0
52.0	13.0	0.8687931813468028
53.0	13.0	0.878874730924782
54.0	13.0	0.34579658357702336
55.0	13.0	0.2598335336718105
56.0	13.0	0.3707112448637868
57.0	13.0	0.1148400266119245
58.0	13.0	0.7570294015258525
59.0	13.0	0.08349475342691437
60.0	13.0	0.9403357448755616
61.0	13.0	0.15492576527669844
62.0	13.0	0.44316410311072296
63.0	13.0	0.9840564592662513
64.0	13.0	0.20976072068477203
65.0	13.0	0.9356495171007899
66.0	13.0	0.8337942160679779
67.0	13.0	0.22475699241644698
1.0	14.0	0.9053287552102973
2.0	14.0	0.671557615834558
3.0	14.0	0.253562378769856
4.0	14.0	0.5348502109631359
5.0	14.0	0.635529876101459
6.0	14.0	0.3478072699722874
7.0	14.0	0.297129830180046
8.0	14.0	0.4346372773333116
9.0	14.0	0.6403539730230752
10.0	14.0	0.8755654250828178
11.0	14.0	0.9287757651328956
12.0	14.0	0.3787971757250215
13.0	14.0	0.5375085573628298
14.0	14.0	0.9061732502428734
15.0	14.0	0.055630998211513516
16.0	14.0	0.37816370696464685
17.0	14.0	0.0
18.0	14.0	0.32819640654113424
19.0	14.0	0.22348792494171188
20.0	14.0	0.7292925137412594
21.0	14.0	0.6324335844261553
22.0	14.0	0.6482464026350032
23.0	14.0	0.3592227279135263
24.0	14.0	0.6014728526652002
25.0	14.0	0.3773031726187075
26.0	14.0	0.9815413947984395
27.0	14.0	0.8364987880404842
28.0	14.0	0.7705413346164327
29.0	14.0	0.6703620211520034
30.0	14.0	0.2709040720347182
31.0	14.0	0.5648616173595558
32.0	14.0	0.8622827500311603
33.0	14.0	0.0803594198675659
34.0	14.0	0.0
35.0	14.0	0.3469572778326364
36.0	14.0	0.22692400958749404
37.0	14.0	0.7046420047615383
38.0	14.0	0.5505195399603848
39.0	14.0	0.7904429373362738
40.0	14.0	0.01331012824600597
41.0	14.0	0.10030965717827112
42.0	14.0	0.9223061231470073
43.0	14.0	0.8879968940203709
44.0	14.0	0.6575737619476894
45.0	14.0	0.5507445201442449
46.0	14.0	0.6118459561431009
47.0	14.0	0.8973805284316676
48.0	14.0	0.05921606863141915
49.0	14.0	0.28997910419729833
50.0	14.0	0.9726948791810959
51.0	14.0	0.0
52.0	14.0	0.5243200164849582
53.0	14.0	0.6473283250641586
54.0	14.0	0.7753860281269718
55.0	14.0	0.5870287319980652
56.0	14.0	0.6906067559579301
57.0	14.0	0.37582221362801405
58.0	14.0	0.5043245485122005
59.0	14.0	0.9717167512974372
60.0	14.0	0.7008821662852014
61.0	14.0	0.5464439201757263
62.0	14.0	0.34530983902896084
63.0	14.0	0.4918117822574726
64.0	14.0	0.7870966974534728
65.0	14.0	0.797127097309704
66.0	14.0	0.062382285140281546
67.0	14.0	0.6373537783667427
1.0	15.0	0.4659928770819963
2.0	15.0	0.6639703048058754
3.0	15.0	0.08087617427991622
4.0	15.0	0.3284334596458427
5.0	15.0	0.7023680317615575
6.0	15.0	0.4567754628881535
7.0	15.0	0.9336726085706
8.0	15.0	0.8967849172768592
9.0	15.0	0.8511813539104338
10.0	15.0	0.05359973200734536
11.0	15.0	0.1712956583671421
12.0	15.0	0.4210795505444349
13.0	15.0	0.114025664044896
14.0	15.0	0.022673223145184274
15.0	15.0	0.24390373420013312
16.0	15.0	0.4152522913855212
17.0	15.0	0.0
18.0	15.0	0.6631820144590799
19.0	15.0	0.9752283535873687
20.0	15.0	0.4423977431492936
21.0	15.0	0.21760316390956613
22.0	15.0	0.08214287574988033
23.0	15.0	0.8125014859643331
24.0	15.0	0.07580004998245449
25.0	15.0	0.2117452818381873
26.0	15.0	0.46573344644068304
27.0	15.0	0.23041047899105083
28.0	15.0	0.897959784438356
29.0	15.0	0.7364360846373865
30.0	15.0	0.06632291796230727
31.0	15.0	0.3227377129546052
32.0	15.0	0.29707597196403057
33.0	15.0	0.026167425132691102
34.0	15.0	0.0
35.0	15.0	0.1875219587191601
36.0	15.0	0.2675803801480383
37.0	15.0	0.2020722082976898
38.0	15.0	0.20297991439818297
39.0	15.0	0.4168691412055836
40.0	15.0	0.40079148763634054
41.0	15.0	0.1356061809868787
42.0	15.0	0.5387439755683558
43.0	15.0	0.21870527059931977
44.0	15.0	0.9783779197427815
45.0	15.0	0.23160254175020523
46.0	15.0	0.4759623798332777
47.0	15.0	0.510102553773633
48.0	15.0	0.28374855426590573
49.0	15.0	0.8209169441194675
50.0	15.0	0.7121959492092593
51.0	15.0	0.0
52.0	15.0	0.7300080906541562
53.0	15.0	0.3032984974792894
54.0	15.0	0.7886237833999779
55.0	15.0	0.17641486270161022
56.0	15.0	0.9260617849352073
57.0	15.0	0.2043846281029884
58.0	15.0	0.9683653699045986
59.0	15.0	0.764162931921794
60.0	15.0	0.7567147137602377
61.0	15.0	0.5490903408354677
62.0	15.0	0.79925188011573
63.0	15.0	0.5167984205554927
64.0	15.0	0.6012605990786524
65.0	15.0	0.8605261617312914
66.0	15.0	0.678642319396157
67.0	15.0	0.45965043077944223
1.0	16.0	0.8373390262012319
2.0	16.0	0.6917722814514176
3.0	16.0	0.7732140763222244
4.0	16.0	0.07532173711919543
5.0	16.0	0.8821263163882085
6.0	16.0	0.7059046610317523
7.0	16.0	0.8223305848998714
8.0	16.0	0.9839692497573294
9.0	16.0	0.13211567604306684
10.0	16.0	0.24981914287240592
11.0	16.0	0.5172905588522023
12.0	16.0	0.7929443515049626
13.0	16.0	0.46227568146993625
14.0	16.0	0.14324636516142508
15.0	16.0	0.7935729171885784
16.0	16.0	0.4798336522889626
17.0	16.0	0.0
18.0	16.0	0.8801765035616458
19.0	16.0	0.6388557592194866
20.0	16.0	0.1601810870385154
21.0	16.0	0.8242765166650303
22.0	16.0	0.4668950361141535
23.0	16.0	0.46128190162256666
24.0	16.0	0.5022746001633742
25.0	16.0	0.8314809193321928
26.0	16.0	0.6699428836140875
27.0	16.0	0.9707173662933002
28.0	16.0	0.2518633119065983
29.0	16.0	0.3485639690160969
30.0	16.0	0.8197953310715955
31.0	16.0	0.5489075582947269
32.0	16.0	0.12749279835735394
33.0	16.0	0.9166856215582349
34.0	16.0	0.0
35.0	16.0	0.33004633651609905
36.0	16.0	0.666981447645757
37.0	16.0	0.2910310594305021
38.0	16.0	0.5908129030071214
39.0	16.0	0.35920778146390164
40.0	16.0	0.04056328997256631
41.0	16.0	0.8428914174471829
42.0	16.0	0.7884895302799677
43.0	16.0	0.48555907642169616
44.0	16.0	0.5723823871191451
45.0	16.0	0.13073734146305993
46.0	16.0	0.5565217026258558
47.0	16.0	0.588095339674181
48.0	16.0	0.7786118865714691
49.0	16.0	0.5298084962922198
50.0	16.0	0.7225609261786443
51.0	16.0	0.0
52.0	16.0	0.5358504921165208
53.0	16.0	0.09704696525493017
54.0	16.0	0.7325410023778443
55.0	16.0	0.6974985444722315
56.0	16.0	0.05844703248491134
57.0	16.0	0.2875767030959251
58.0	16.0	0.6795408779112282
59.0	16.0	0.5533289477339633
60.0	16.0	0.6424264954317207
61.0	16.0	0.3557232055952657
62.0	16.0	0.1217618325097587
63.0	16.0	0.9400564216464784
64.0	16.0	0.7434667621574469
65.0	16.0	0.8205307901816563
66.0	16.0	0.6673726491738896
67.0	16.0	0.38355379046510474
1.0	17.0	0.7161396637381452
2.0	17.0	0.8409543234026793
3.0	17.0	0.1614353407900715
4.0	17.0	0.26297384755089026
5.0	17.0	0.4020531135624681
6.0	17.0	0.8815134256851929
7.0	17.0	0.41845940813552107
8.0	17.0	0.7580033107545738
9.0	17.0	0.34143451606294795
10.0	17.0	0.3804671685903658
11.0	17.0	0.527575116194952
12.0	17.0	0.44558893153266
13.0	17.0	0.7286222628548522
14.0	17.0	0.7328400191940014
15.0	17.0	0.7919362604508811
16.0	17.0	0.08070581815168865
17.0	17.0	0.0
18.0	17.0	0.48135326885021157
19.0	17.0	0.36535196614167864
20.0	17.0	0.49971761316892027
21.0	17.0	0.3803988716457325
22.0	17.0	0.488611002371121
23.0	17.0	0.12612623415642354
24.0	17.0	0.4775148454248628
25.0	17.0	0.1666522423496306
26.0	17.0	0.34443428663997633
27.0	17.0	0.4565555487670878
28.0	17.0	0.6952926137848874
29.0	17.0	0.32359311824530845
30.0	17.0	0.6680930842100774
31.0	17.0	0.18348682997068377
32.0	17.0	0.13873878732038625
33.0	17.0	0.2687798866666715
34.0	17.0	0.0
35.0	17.0	0.6756800556520557
36.0	17.0	0.6670508045104555
37.0	17.0	0.000835349697249077
38.0	17.0	0.6264844106512006
39.0	17.0	0.26022686602609
40.0	17.0	0.0810858557634111
41.0	17.0	0.5611017045227977
42.0	17.0	0.4229254490727681
43.0	17.0	0.28669512901794736
44.0	17.0	0.5045834349469074
45.0	17.0	0.688674094520866
46.0	17.0	0.5586500092082489
47.0	17.0	0.44221659573127203
48.0	17.0	0.2620312822013413
49.0	17.0	0.4715534741222407
50.0	17.0	0.3573949539343533
51.0	17.0	0.0
52.0	17.0	0.35565342654727017
53.0	17.0	0.9986593379339295
54.0	17.0	0.7094674618128542
55.0	17.0	0.6171153032059238
56.0	17.0	0.1263665303980479
57.0	17.0	0.9400270097778807
58.0	17.0	0.3431051424175402
59.0	17.0	0.27475733266142854
60.0	17.0	0.29412090403618985
61.0	17.0	0.8657381225538567
62.0	17.0	0.7118206107424656
63.0	17.0	0.5878664241067622
64.0	17.0	0.6143349363131585
65.0	17.0	0.14830071990354776
66.0	17.0	0.5990848775936577
67.0	17.0	0.2850892221187893
1.0	18.0	0.0
2.0	18.0	0.0
3.0	18.0	0.0
4.0	18.0	0.0
5.0	18.0	0.0
6.0	18.0	0.0
7.0	18.0	0.0
8.0	18.0	0.0
9.0	18.0	0.0
10.0	18.0	0.0
11.0	18.0	0.0
12.0	18.0	0.0
13.0	18.0	0.0
14.0	18.0	0.0
15.0	18.0	0.0
16.0	18.0	0.0
17.0	18.0	0.0
18.0	18.0	0.0
19.0	18.0	0.0
20.0	18.0	0.0
21.0	18.0	0.0
22.0	18.0	0.0
23.0	18.0	0.0
24.0	18.0	0.0
25.0	18.0	0.0
26.0	18.0	0.0
27.0	18.0	0.0
28.0	18.0	0.0
29.0	18.0	0.0
30.0	18.0	0.0
31.0	18.0	0.0
32.0	18.0	0.0
33.0	18.0	0.0
34.0	18.0	0.0
35.0	18.0	0.0
36.0	18.0	0.0
37.0	18.0	0.0
38.0	18.0	0.0
39.0	18.0	0.0
40.0	18.0	0.0
41.0	18.0	0.0
42.0	18.0	0.0
43.0	18.0	0.0
44.0	18.0	0.0
45.0	18.0	0.0
46.0	18.0	0.0
47.0	18.0	0.0
48.0	18.0	0.0
49.0	18.0	0.0
50.0	18.0	0.0
51.0	18.0	0.0
52.0	18.0	0.0
53.0	18.0	0.0
54.0	18.0	0.0
55.0	18.0	0.0
56.0	18.0	0.0
57.0	18.0	0.0
58.0	18.0	0.0
59.0	18.0	0.0
60.0	18.0	0.0
61.0	18.0	0.0
62.0	18.0	0.0
63.0	18.0	0.0
64.0	18.0	0.0
65.0	18.0	0.0
66.0	18.0	0.0
67.0	18.0	0.0
1.0	19.0	0.32391142467113077
2.0	19.0	0.3235992412691313
3.0	19.0	0.3688633159632775
4.0	19.0	0.7019998481104479
5.0	19.0	0.4286759925385075
6.0	19.0	0.868684486319705
7.0	19.0	0.011333253982333868
8.0	19.0	0.4205763217752263
9.0	19.0	0.7582377382706238
10.0	19.0	0.8976708541837242
11.0	19.0	0.8757263860478299
12.0	19.0	0.8935754032492165
13.0	19.0	0.6859176307440933
14.0	19.0	0.29836801714714833
15.0	19.0	0.753920981647376
16.0	19.0	0.38976216265492125
17.0	19.0	0.0
18.0	19.0	0.18469202329071588
19.0	19.0	0.229354952514232
20.0	19.0	0.061152813238578796
21.0	19.0	0.8319189890388814
22.0	19.0	0.7952363920467258
23.0	19.0	0.6163012612055958
24.0	19.0	0.7735044018706989
25.0	19.0	0.08623080601770039
26.0	19.0	0.2548869943865071
27.0	19.0	0.6676004463247294
28.0	19.0	0.5130386457266691
29.0	19.0	0.7491888982115784
30.0	19.0	0.4978869295835353
31.0	19.0	0.6201082794386568
32.0	19.0	0.794868957536542
33.0	19.0	0.8796531469801503
34.0	19.0	0.0
35.0	19.0	0.14114266441070566
36.0	19.0	0.4401865198131474
37.0	19.0	0.5593580072832751
38.0	19.0	0.8140096279721794
39.0	19.0	0.6012913200976453
40.0	19.0	0.7716151742315651
41.0	19.0	0.7621915177454286
42.0	19.0	0.4547038845613518
43.0	19.0	0.7583620260961563
44.0	19.0	0.8968287679409479
45.0	19.0	0.5501564690147087
46.0	19.0	0.7853429148971993
47.0	19.0	0.5552806615927626
48.0	19.0	0.15667552105791938
49.0	19.0	0.947836514955285
50.0	19.0	0.785465269334428
51.0	19.0	0.0
52.0	19.0	0.8601542909280981
53.0	19.0	0.2865610813816679
54.0	19.0	0.4958916269454223
55.0	19.0	0.35464533823751787
56.0	19.0	0.014571949506533954
57.0	19.0	0.8237419334272813
58.0	19.0	0.48802043387133476
59.0	19.0	0.9515880671880439
60.0	19.0	0.3742159107822294
61.0	19.0	0.19099050719766475
62.0	19.0	0.9043067866917431
63.0	19.0	0.787573264480151
64.0	19.0	0.9082182416813809
65.0	19.0	0.5739184105847197
66.0	19.0	0.7876787583437281
67.0	19.0	0.1802295374517109
1.0	20.0	0.38924188642882007
2.0	20.0	0.608051287625756
3.0	20.0	0.7719027663769717
4.0	20.0	0.03578728543731713
5.0	20.0	0.6581225123144305
6.0	20.0	0.8251187682160919
7.0	20.0	0.19147893057465004
8.0	20.0	0.8280783187334151
9.0	20.0	0.49628744207214903
10.0	20.0	0.9219845871111101
11.0	20.0	0.7636893130350209
12.0	20.0	0.42476314285313266
13.0	20.0	0.12553421829758116
14.0	20.0	0.596780893632614
15.0	20.0	0.6578048548558184
16.0	20.0	0.699704686674943
17.0	20.0	0.0
18.0	20.0	0.32743962387268355
19.0	20.0	0.060947684740513264
20.0	20.0	0.29979223181458203
21.0	20.0	0.35265893095401046
22.0	20.0	0.17083054564496636
23.0	20.0	0.9870020132632642
24.0	20.0	0.2215081360729032
25.0	20.0	0.2550881394135798
26.0	20.0	0.5064792132436753
27.0	20.0	0.7754607568026786
28.0	20.0	0.6952734830762064
29.0	20.0	0.15447823762532886
30.0	20.0	0.6605136801012732
31.0	20.0	0.006750299937352766
32.0	20.0	0.5120172794435547
33.0	20.0	0.9784731237470088
34.0	20.0	0.0
35.0	20.0	0.07727123635029765
36.0	20.0	0.8425765580974196
37.0	20.0	0.9346861303178824
38.0	20.0	0.5617180735158733
39.0	20.0	0.1844058308791221
40.0	20.0	0.24474647450111187
41.0	20.0	0.1092671395693312
42.0	20.0	0.369440409306971
43.0	20.0	0.0203791197990153
44.0	20.0	0.16824914309729055
45.0	20.0	0.3645323462287624
46.0	20.0	0.010602006803260178
47.0	20.0	0.43466798265615814
48.0	20.0	0.32836008316319387
49.0	20.0	0.9403988054735524
50.0	20.0	0.3715165277841035
51.0	20.0	0.0
52.0	20.0	0.9257936361281858
53.0	20.0	0.19610447393585773
54.0	20.0	0.5359785353429847
55.0	20.0	0.31200956597419127
56.0	20.0	0.7368355869853058
57.0	20.0	0.582634957330842
58.0	20.0	0.6944551748685963
59.0	20.0	0.7270177977895886
60.0	20.0	0.05352503710218515
61.0	20.0	0.07777898105930858
62.0	20.0	0.014401358864029046
63.0	20.0	0.6463129494752524
64.0	20.0	0.41509541740973943
65.0	20.0	0.42839121340980824
66.0	20.0	0.08432759026813441
67.0	20.0	0.9086844739760858
1.0	21.0	0.15398034767427204
2.0	21.0	0.4164026348213721
3.0	21.0	0.606209779051581
4.0	21.0	0.6526342547830799
5.0	21.0	0.08241100709990934
6.0	21.0	0.6953527782708004
7.0	21.0	0.04737905471023063
8.0	21.0	0.6771328772246494
9.0	21.0	0.272239513060327
10.0	21.0	0.21422079856075094
11.0	21.0	0.8740470245053791
12.0	21.0	0.1877682861559702
13.0	21.0	0.2571621569221727
14.0	21.0	0.12611455996257437
15.0	21.0	0.5357239512073653
16.0	21.0	0.8255911920765997
17.0	21.0	0.0
18.0	21.0	0.793337067900822
19.0	21.0	0.2981573954152801
20.0	21.0	0.6482412600184695
21.0	21.0	0.35378629859571853
22.0	21.0	0.3390059571992403
23.0	21.0	0.3927290924086406
24.0	21.0	0.4477340027527654
25.0	21.0	0.09456416768228815
26.0	21.0	0.13768047980820186
27.0	21.0	0.633903016694273
28.0	21.0	0.10723429147629404
29.0	21.0	0.05497446886332402
30.0	21.0	0.448228781879874
31.0	21.0	0.9533581020038364
32.0	21.0	0.8043748393667154
33.0	21.0	0.9196327429334306
34.0	21.0	0.0
35.0	21.0	0.886223998419948
36.0	21.0	0.8571579070023496
37.0	21.0	0.9471201593082015
38.0	21.0	0.8033596196566397
39.0	21.0	0.8902245605133505
40.0	21.0	0.3499543217317871
41.0	21.0	0.8233481131886411
42.0	21.0	0.16336339620593
43.0	21.0	0.8387654977232786
44.0	21.0	0.17713129719094223
45.0	21.0	0.482478536847184
46.0	21.0	0.7391757556371934
47.0	21.0	0.17553817956614948
48.0	21.0	0.5607478731156033
49.0	21.0	0.643837762622333
50.0	21.0	0.15098634564052804
51.0	21.0	0.0
52.0	21.0	0.2681662995853662
53.0	21.0	0.23581425877545326
54.0	21.0	0.5883907940829647
55.0	21.0	0.7959721945418705
56.0	21.0	0.7076637948354754
57.0	21.0	0.12665664581869351
58.0	21.0	0.23939411404250555
59.0	21.0	0.588290189092848
60.0	21.0	0.7518487221157779
61.0	21.0	0.9152642324216747
62.0	21.0	0.5631865823902009
63.0	21.0	0.44131825261695856
64.0	21.0	0.9849793387079915
65.0	21.0	0.1948700399918888
66.0	21.0	0.46680865441733244
67.0	21.0	0.34854713958663686
1.0	22.0	0.5882635017445228
2.0	22.0	0.9127379947071728
3.0	22.0	0.05533258046012124
4.0	22.0	0.4501306248871375
5.0	22.0	0.1607783587661089
6.0	22.0	0.7880687547937133
7.0	22.0	0.5694444659166418
8.0	22.0	0.5463840439989616
9.0	22.0	0.5175129663991351
10.0	22.0	0.7597212106479645
11.0	22.0	0.1673661342591095
12.0	22.0	0.34201446675436475
13.0	22.0	0.8010490900265774
14.0	22.0	0.09545908869570607
15.0	22.0	0.7033468475504845
16.0	22.0	0.9202618875759323
17.0	22.0	0.0
18.0	22.0	0.18604977805339074
19.0	22.0	0.7414936922544348
20.0	22.0	0.28484908060813363
21.0	22.0	0.05683744199814189
22.0	22.0	0.27337747236227217
23.0	22.0	0.4786241319263389
24.0	22.0	0.5957202662067342
25.0	22.0	0.9962093422203249
26.0	22.0	0.4187438328302322
27.0	22.0	0.3887579691381946
28.0	22.0	0.510237432720781
29.0	22.0	0.00828549982032123
30.0	22.0	0.8379706684305765
31.0	22.0	0.42477904725935
32.0	22.0	0.7279197294716366
33.0	22.0	0.676662572783381
34.0	22.0	0.0
35.0	22.0	0.9417660373795897
36.0	22.0	0.4724704410531424
37.0	22.0	0.2915015242893291
38.0	22.0	0.7994436338078228
39.0	22.0	0.32457235987535227
40.0	22.0	0.8128321290438636
41.0	22.0	0.7518762192698996
42.0	22.0	0.2647336338110984
43.0	22.0	0.8788277831783604
44.0	22.0	0.6277788539541922
45.0	22.0	0.6331113795283665
46.0	22.0	0.42018010462763367
47.0	22.0	0.06187252823080103
48.0	22.0	0.31026810377822556
49.0	22.0	0.5129213670094424
50.0	22.0	0.9922194714855099
51.0	22.0	0.0
52.0	22.0	0.04491622659633321
53.0	22.0	0.567322703990286
54.0	22.0	0.1535678716896658
55.0	22.0	0.06432571154597322
56.0	22.0	0.004234204805936281
57.0	22.0	0.9355929921025214
58.0	22.0	0.3298224163560919
59.0	22.0	0.4585678825006074
60.0	22.0	0.24629284293251175
61.0	22.0	0.9299685188841584
62.0	22.0	0.812720034106154
63.0	22.0	0.9266254724804053
64.0	22.0	0.6594408558753897
65.0	22.0	0.9885993688100676
66.0	22.0	0.4675686515578712
67.0	22.0	0.9563703317739463
1.0	23.0	0.3130275390036692
2.0	23.0	0.5315922819574863
3.0	23.0	0.4674407360045765
4.0	23.0	0.04751489525759656
5.0	23.0	0.16632808945786293
6.0	23.0	0.9952415739688343
7.0	23.0	0.8695609682113357
8.0	23.0	0.6212898908044286
9.0	23.0	0.8855496275647001
10.0	23.0	0.2766977591664075
11.0	23.0	0.05371830808886613
12.0	23.0	0.702455078917658
13.0	23.0	0.7995101640478233
14.0	23.0	0.49556051766279774
15.0	23.0	0.34344620705447126
16.0	23.0	0.07586454378662166
17.0	23.0	0.0
18.0	23.0	0.8454284822178875
19.0	23.0	0.32046090827709395
20.0	23.0	0.6028012028408303
21.0	23.0	0.2062422951272238
22.0	23.0	0.11063995546824601
23.0	23.0	0.4920534981090938
24.0	23.0	0.9615798883019515
25.0	23.0	0.43655046493520855
26.0	23.0	0.45112557639853246
27.0	23.0	0.6496424511264345
28.0	23.0	0.07122103308412231
29.0	23.0	0.5010055778921294
30.0	23.0	0.016597441691928116
31.0	23.0	0.4339782758043442
32.0	23.0	0.5557738190504751
33.0	23.0	0.33436743795393853
34.0	23.0	0.0
35.0	23.0	0.9542589777146508
36.0	23.0	0.5327566618861701
37.0	23.0	0.20340643940114078
38.0	23.0	0.6916695097849401
39.0	23.0	0.5097862418582031
40.0	23.0	0.5084737677792472
41.0	23.0	0.9284790096182427
42.0	23.0	0.6355881405308417
43.0	23.0	0.1288310412379694
44.0	23.0	0.1937941804388268
45.0	23.0	0.7284691320875696
46.0	23.0	0.8395690153544288
47.0	23.0	0.9851246064457637
48.0	23.0	0.46320138302936575
49.0	23.0	0.11186128571904264
50.0	23.0	0.8493050008730343
51.0	23.0	0.0
52.0	23.0	0.3186859758080458
53.0	23.0	0.9510479832600587
54.0	23.0	0.9864606241841536
55.0	23.0	0.7703842392781046
56.0	23.0	0.17598237353264046
57.0	23.0	0.7279227149730267
58.0	23.0	0.8076775743326499
59.0	23.0	0.7406009302536596
60.0	23.0	0.10033343082832458
61.0	23.0	0.4267066175630221
62.0	23.0	0.6112791687019201
63.0	23.0	0.8559757471492744
64.0	23.0	0.43206329971303403
65.0	23.0	0.6525922904704706
66.0	23.0	0.8320109764973569
67.0	23.0	0.805957230600024
1.0	24.0	0.46415399156306036
2.0	24.0	0.37639369355631436
3.0	24.0	0.22284666173084133
4.0	24.0	0.9363283622828174
5.0	24.0	0.06573815663121874
6.0	24.0	0.6826593707415822
7.0	24.0	0.403520541236533
8.0	24.0	0.2881006745133763
9.0	24.0	0.8166058761044159
10.0	24.0	0.5535313237368291
11.0	24.0	0.16378949531438614
12.0	24.0	0.024940748640589483
13.0	24.0	0.05416476994796926
14.0	24.0	0.7620017717671566
15.0	24.0	0.8349540897662575
16.0	24.0	0.13239559819389335
17.0	24.0	0.0
18.0	24.0	0.47110396081301564
19.0	24.0	0.6682686933091238
20.0	24.0	0.7425969349803858
21.0	24.0	0.9666919650015442
22.0	24.0	0.5281698990557511
23.0	24.0	0.5184492817252477
24.0	24.0	0.648986036830203
25.0	24.0	0.6271962946743093
26.0	24.0	0.03759144097170486
27.0	24.0	0.2634566460675465
28.0	24.0	0.9750230133063587
29.0	24.0	0.499039884784507
30.0	24.0	0.25112356847096207
31.0	24.0	0.18461046891112987
32.0	24.0	0.509766013052658
33.0	24.0	0.38089585300554885
34.0	24.0	0.0
35.0	24.0	0.13965627274825976
36.0	24.0	0.6283090173104517
37.0	24.0	0.955698115485277
38.0	24.0	0.34073077428976917
39.0	24.0	0.8374033645792771
40.0	24.0	0.08084810566033207
41.0	24.0	0.3968257551065981
42.0	24.0	0.5365904775956063
43.0	24.0	0.006773843907285526
44.0	24.0	0.027733133110169783
45.0	24.0	0.20448407787121647
46.0	24.0	0.19501079506189756
47.0	24.0	0.5188084164069067
48.0	24.0	0.8928105930037722
49.0	24.0	0.18243973611896647
50.0	24.0	0.2976421301667833
51.0	24.0	0.0
52.0	24.0	0.87768489285812
53.0	24.0	0.6355126794947232
54.0	24.0	0.5581925397510972
55.0	24.0	0.26958486915974356
56.0	24.0	0.7937843685499752
57.0	24.0	0.46594749045364114
58.0	24.0	0.5587171813006708
59.0	24.0	0.6925687261032818
60.0	24.0	0.6200672638568234
61.0	24.0	0.4574684048286093
62.0	24.0	0.539280929351025
63.0	24.0	0.7392840584700375
64.0	24.0	0.2807630210011549
65.0	24.0	0.8343506967866463
66.0	24.0	0.691677300911379
67.0	24.0	0.8111984721243037
1.0	25.0	0.277172722368217
2.0	25.0	0.08648528837701308
3.0	25.0	0.39789683907951834
4.0	25.0	0.09643699158984287
5.0	25.0	0.17975088403795736
6.0	25.0	0.22251749397005138
7.0	25.0	0.5919543839782662
8.0	25.0	0.5013275159457784
9.0	25.0	0.8600658124598948
10.0	25.0	0.9980881030727802
11.0	25.0	0.7113421657569172
12.0	25.0	0.9671766378920312
13.0	25.0	0.739201390835917
14.0	25.0	0.06638172147047139
15.0	25.0	0.0007320463049904635
16.0	25.0	0.9842702306132107
17.0	25.0	0.0
18.0	25.0	0.7432718245766841
19.0	25.0	0.8722095620068675
20.0	25.0	0.7112595811569291
21.0	25.0	0.8288349562985331
22.0	25.0	0.0894474156718763
23.0	25.0	0.6512681992042391
24.0	25.0	0.7633881658721899
25.0	25.0	0.691569095681648
26.0	25.0	0.5455480940039101
27.0	25.0	0.15668350223436622
28.0	25.0	0.12037624659497093
29.0	25.0	0.6820593638719681
30.0	25.0	0.1569049476438822
31.0	25.0	0.7620978962168499
32.0	25.0	0.9204187296507065
33.0	25.0	0.4769016619825206
34.0	25.0	0.0
35.0	25.0	0.2135722066412371
36.0	25.0	0.7968672787661746
37.0	25.0	0.03361136953103916
38.0	25.0	0.7895475977819051
39.0	25.0	0.7507974618277147
40.0	25.0	0.6607411837972643
41.0	25.0	0.5073310637911264
42.0	25.0	0.558511351826896
43.0	25.0	0.07981320366947342
44.0	25.0	0.41078175617182855
45.0	25.0	0.9148066169435858
46.0	25.0	0.2439653090797005
47.0	25.0	0.6774681722693372
48.0	25.0	0.5749108858858731
49.0	25.0	0.20525594726079222
50.0	25.0	0.8068527403547441
51.0	25.0	0.0
52.0	25.0	0.5473468835487609
53.0	25.0	0.009201135093224622
54.0	25.0	0.5530427585035791
55.0	25.0	0.6771034009622623
56.0	25.0	0.5107425244609514
57.0	25.0	0.1342197252887367
58.0	25.0	0.5974230352355698
59.0	25.0	0.03365636314674636
60.0	25.0	0.2604111640972666
61.0	25.0	0.8848882662616706
62.0	25.0	0.1780589261521004
63.0	25.0	0.8124567363429349
64.0	25.0	0.3099243576480908
65.0	25.0	0.7805448821212657
66.0	25.0	0.3166603565954247
67.0	25.0	0.36656151581772534
1.0	26.0	0.6986360385950918
2.0	26.0	0.7933585077427798
3.0	26.0	0.12861993387397996
4.0	26.0	0.8085150250902164
5.0	26.0	0.31554713878020335
6.0	26.0	0.7791471412456012
7.0	26.0	0.27900280012748
8.0	26.0	0.8415286618659561
9.0	26.0	0.9097376308063145
10.0	26.0	0.3162383057755238
11.0	26.0	0.5008713163434695
12.0	26.0	0.018304382390430307
13.0	26.0	0.8035345975692489
14.0	26.0	0.37403203314797295
15.0	26.0	0.6930950367745485
16.0	26.0	0.1856326761825502
17.0	26.0	0.0
18.0	26.0	0.7734230017321368
19.0	26.0	0.8171343156407018
20.0	26.0	0.7505264929416353
21.0	26.0	0.5402417332282838
22.0	26.0	0.39740620463640797
23.0	26.0	0.038246993480350655
24.0	26.0	0.5556754987557109
25.0	26.0	0.5795460077211572
26.0	26.0	0.5521531811384586
27.0	26.0	0.8899717967073655
28.0	26.0	0.3236842284922521
29.0	26.0	0.22444925791502146
30.0	26.0	0.0931161922230519
31.0	26.0	0.22429729802945553
32.0	26.0	0.29495392726082703
33.0	26.0	0.8461051973238605
34.0	26.0	0.0
35.0	26.0	0.673946517281808
36.0	26.0	0.3355827389453123
37.0	26.0	0.7969517412643339
38.0	26.0	0.7648960927812571
39.0	26.0	0.6277586095917949
40.0	26.0	0.3011855796625913
41.0	26.0	0.5676890247426909
42.0	26.0	0.6403716439533713
43.0	26.0	0.2970908836374442
44.0	26.0	0.40850812276642356
45.0	26.0	0.007315751382328539
46.0	26.0	0.5655473973701051
47.0	26.0	0.991562481000154
48.0	26.0	0.703214274357459
49.0	26.0	0.7365515796430269
50.0	26.0	0.044460444180631775
51.0	26.0	0.0
52.0	26.0	0.28757765274395464
53.0	26.0	0.22342474085129171
54.0	26.0	0.3922356906786124
55.0	26.0	0.1651239781473024
56.0	26.0	0.14131958991673055
57.0	26.0	0.17168896979352288
58.0	26.0	0.014110609469368596
59.0	26.0	0.5693944825676194
60.0	26.0	0.3325369150787463
61.0	26.0	0.9831988972384318
62.0	26.0	0.8865086309536667
63.0	26.0	0.9479455032430839
64.0	26.0	0.4555785440774782
65.0	26.0	0.06677775335078961
66.0	26.0	0.2587128539699626
67.0	26.0	0.9973748502880804
1.0	27.0	0.0
2.0	27.0	0.0
3.0	27.0	0.0
4.0	27.0	0.0
5.0	27.0	0.0
6.0	27.0	0.0
7.0	27.0	0.0
8.0	27.0	0.0
9.0	27.0	0.0
10.0	27.0	0.0
11.0	27.0	0.0
12.0	27.0	0.0
13.0	27.0	0.0
14.0	27.0	0.0
15.0	27.0	0.0
16.0	27.0	0.0
17.0	27.0	0.0
18.0	27.0	0.0
19.0	27.0	0.0
20.0	27.0	0.0
21.0	27.0	0.0
22.0	27.0	0.0
23.0	27.0	0.0
24.0	27.0	0.0
25.0	27.0	0.0
26.0	27.0	0.0
27.0	27.0	0.0
28.0	27.0	0.0
29.0	27.0	0.0
30.0	27.0	0.0
31.0	27.0	0.0
32.0	27.0	0.0
33.0	27.0	0.0
34.0	27.0	0.0
35.0	27.0	0.0
36.0	27.0	0.0
37.0	27.0	0.0
38.0	27.0	0.0
39.0	27.0	0.0
40.0	27.0	0.0
41.0	27.0	0.0
42.0	27.0	0.0
43.0	27.0	0.0
44.0	27.0	0.0
45.0	27.0	0.0
46.0	27.0	0.0
47.0	27.0	0.0
48.0	27.0	0.0
49.0	27.0	0.0
50.0	27.0	0.0
51.0	27.0	0.0
52.0	27.0	0.0
53.0	27.0	0.0
54.0	27.0	0.0
55.0	27.0	0.0
56.0	27.0	0.0
57.0	27.0	0.0
58.0	27.0	0.0
59.0	27.0	0.0
60.0	27.0	0.0
61.0	27.0	0.0
62.0	27.0	0.0
63.0	27.0	0.0
64.0	27.0	0.0
65.0	27.0	0.0
66.0	27.0	0.0
67.0	27.0	0.0
1.0	28.0	0.49406445097046103
2.0	28.0	0.03908638559788735
3.0	28.0	0.06157516638528393
4.0	28.0	0.7839808224382288
5.0	28.0	0.7796563536505878
6.0	28.0	0.6380078731604033
7.0	28.0	0.9997527529370145
8.0	28.0	0.32931145402005413
9.0	28.0	0.7774183760077942
10.0	28.0	0.7404221957289785
11.0	28.0	0.1422107765272047
12.0	28.0	0.046397313756014746
13.0	28.0	0.2958251391153728
14.0	28.0	0.12891010595366992
15.0	28.0	0.3116956208337034
16.0	28.0	0.6782825571484972
17.0	28.0	0.0
18.0	28.0	0.1909398784947125
19.0	28.0	0.18965606740965946
20.0	28.0	0.1799222573028021
21.0	28.0	0.0949407456797755
22.0	28.0	0.3705043905265355
23.0	28.0	0.8453084920507499
24.0	28.0	0.809637325874327
25.0	28.0	0.5561568893273479
26.0	28.0	0.903646305660587
27.0	28.0	0.388022876159976
28.0	28.0	0.4209542523479868
29.0	28.0	0.484563791502419
30.0	28.0	0.48134964357532284
31.0	28.0	0.8088766434682775
32.0	28.0	0.42076690356079105
33.0	28.0	0.9912803224539917
34.0	28.0	0.0
35.0	28.0	0.4177213417075152
36.0	28.0	0.9664596888762276
37.0	28.0	0.29650919702094325
38.0	28.0	0.5702701820884417
39.0	28.0	0.7277968344564765
40.0	28.0	0.5578681021409715
41.0	28.0	0.364249890253151
42.0	28.0	0.31769472349752914
43.0	28.0	0.6284888406673674
44.0	28.0	0.4793154525894474
45.0	28.0	0.19843663852021365
46.0	28.0	0.236792353287111
47.0	28.0	0.4140860168250524
48.0	28.0	0.8417666822346144
49.0	28.0	0.11159626156209845
50.0	28.0	0.019528436513098768
51.0	28.0	0.0
52.0	28.0	0.6628040589981481
53.0	28.0	0.36226960346833526
54.0	28.0	0.4039316966564097
55.0	28.0	0.8849630590784205
56.0	28.0	0.02898169831218378
57.0	28.0	0.9634021911513473
58.0	28.0	0.09952626255887975
59.0	28.0	0.8194499497712995
60.0	28.0	0.9961692714612029
61.0	28.0	0.8761821632353424
62.0	28.0	0.733072017374923
63.0	28.0	0.0369425210599037
64.0	28.0	0.813713393898825
65.0	28.0	0.7344046465615397
66.0	28.0	0.9130755141606792
67.0	28.0	0.09959746046674423
1.0	29.0	0.14953879033822837
2.0	29.0	0.556940300449996
3.0	29.0	0.1106296652774148
4.0	29.0	0.8748014086971054
5.0	29.0	0.9874717255452878
6.0	29.0	0.9223870782475065
7.0	29.0	0.9895178817050292
8.0	29.0	0.8527749388796411
9.0	29.0	0.8699144576362101
10.0	29.0	0.9675777847970999
11.0	29.0	0.86420497977745
12.0	29.0	0.9291529783780272
13.0	29.0	0.11357494717565308
14.0	29.0	0.7891761420547705
15.0	29.0	0.5183776173314487
16.0	29.0	0.7410666034227593
17.0	29.0	0.0
18.0	29.0	0.39982016328119196
19.0	29.0	0.9989348256938244
20.0	29.0	0.975195066045959
21.0	29.0	0.932567228619853
22.0	29.0	0.18094943161540544
23.0	29.0	0.9921752341267969
24.0	29.0	0.41076937374572564
25.0	29.0	0.8086954556976174
26.0	29.0	0.6143347450101839
27.0	29.0	0.38870726588795845
28.0	29.0	0.7390253426242532
29.0	29.0	0.17591762584430004
30.0	29.0	0.9175522853581572
31.0	29.0	0.43412932289013373
32.0	29.0	0.9297709434146717
33.0	29.0	0.07878360494306236
34.0	29.0	0.0
35.0	29.0	0.3044741171553653
36.0	29.0	0.08055922431040541
37.0	29.0	0.09786645030226238
38.0	29.0	0.10748672445858043
39.0	29.0	0.842155991378307
40.0	29.0	0.7605513863015181
41.0	29.0	0.5371874754354768
42.0	29.0	0.2143846921685606
43.0	29.0	0.31875647328128087
44.0	29.0	0.6595786029794366
45.0	29.0	0.038026417034940696
46.0	29.0	0.1337932987850068
47.0	29.0	0.3562298630235483
48.0	29.0	0.6381963661051202
49.0	29.0	0.9964378977979278
50.0	29.0	0.721127284513073
51.0	29.0	0.0
52.0	29.0	0.5809469543103811
53.0	29.0	0.7477611156262174
54.0	29.0	0.8444044392636783
55.0	29.0	0.9983706361895404
56.0	29.0	0.23178242829022144
57.0	29.0	0.1929600391837636
58.0	29.0	0.6626679940890348
59.0	29.0	0.7076039065058668
60.0	29.0	0.881811343003154
61.0	29.0	0.740211794147293
62.0	29.0	0.6676488286848989
63.0	29.0	0.34846628525956214
64.0	29.0	0.10869937096881332
65.0	29.0	0.7444904429043673
66.0	29.0	0.15005373961106727
67.0	29.0	0.47968612288742407
1.0	30.0	0.8652426616393389
2.0	30.0	0.098124311185114
3.0	30.0	0.010946228034159455
4.0	30.0	0.22753804292242497
5.0	30.0	0.6276976389444029
6.0	30.0	0.7421977557468737
7.0	30.0	0.1346611834178717
8.0	30.0	0.979632731041012
9.0	30.0	0.6675760233087196
10.0	30.0	0.7931089036695598
11.0	30.0	0.9127505526177575
12.0	30.0	0.5330219043290725
13.0	30.0	0.10609828669038968
14.0	30.0	0.19730549832424127
15.0	30.0	0.7135558644863698
16.0	30.0	0.64514283462795
17.0	30.0	0.0
18.0	30.0	0.8459423691588577
19.0	30.0	0.8142675138963014
20.0	30.0	0.5211422368455296
21.0	30.0	6.063768811492842e-5
22.0	30.0	0.8872883495327872
23.0	30.0	0.5143380023399127
24.0	30.0	0.6326685609826497
25.0	30.0	0.38482419322747163
26.0	30.0	0.6273971076353697
27.0	30.0	0.4155124528035019
28.0	30.0	0.7254432929294288
29.0	30.0	0.1523836463026027
30.0	30.0	0.9429135966391096
31.0	30.0	0.7161358905970825
32.0	30.0	0.43767358873181594
33.0	30.0	0.3414336520619796
34.0	30.0	0.0
35.0	30.0	0.9830875067094091
36.0	30.0	0.3389680138495834
37.0	30.0	0.16686007385737356
38.0	30.0	0.22601749839020457
39.0	30.0	0.5548779418625165
40.0	30.0	0.43787834634701417
41.0	30.0	0.8176280009738406
42.0	30.0	0.20346841424808249
43.0	30.0	0.4964632798315809
44.0	30.0	0.5971658332487828
45.0	30.0	0.4235959050147251
46.0	30.0	0.5202262452045263
47.0	30.0	0.06897532831672426
48.0	30.0	0.992075458387732
49.0	30.0	0.04151087631354433
50.0	30.0	0.670428069411489
51.0	30.0	0.0
52.0	30.0	0.3124618578986351
53.0	30.0	0.15331929217709583
54.0	30.0	0.4502969689191605
55.0	30.0	0.026145836158466773
56.0	30.0	0.9634474388784029
57.0	30.0	0.6027337194219253
58.0	30.0	0.7649670199085372
59.0	30.0	0.5554896110610283
60.0	30.0	0.03486678966470591
61.0	30.0	0.1817596484852475
62.0	30.0	0.4144435685858432
63.0	30.0	0.3615628374753519
64.0	30.0	0.33209251301445253
65.0	30.0	0.5928951432439964
66.0	30.0	0.8495568885083775
67.0	30.0	0.7137372769326482
1.0	31.0	0.9527303760152228
2.0	31.0	0.10119911786680658
3.0	31.0	0.8989518183873582
4.0	31.0	0.029277429207610783
5.0	31.0	0.4613417383136704
6.0	31.0	0.7770987806983565
7.0	31.0	0.2524014689301246
8.0	31.0	0.7760401561823136
9.0	31.0	0.9596857964539407
10.0	31.0	0.9664923010432833
11.0	31.0	0.445067208045977
12.0	31.0	0.23047652857697232
13.0	31.0	0.9800332619759546
14.0	31.0	0.848669979730382
15.0	31.0	0.8573795710649561
16.0	31.0	0.6288846394896201
17.0	31.0	0.0
18.0	31.0	0.5721687434044624
19.0	31.0	0.0838679734053549
20.0	31.0	0.20560228896133426
21.0	31.0	0.18030856731720868
22.0	31.0	0.8864293551060543
23.0	31.0	0.7396527784639002
24.0	31.0	0.3907613026729786
25.0	31.0	0.22903889164216884
26.0	31.0	0.6221755636497277
27.0	31.0	0.33999991077528335
28.0	31.0	0.8352775387636493
29.0	31.0	0.5514277130561542
30.0	31.0	0.6824750267112212
31.0	31.0	0.6094670011287373
32.0	31.0	0.22968409837861592
33.0	31.0	0.5926112896531714
34.0	31.0	0.0
35.0	31.0	0.15692563075574362
36.0	31.0	0.9369362334769833
37.0	31.0	0.8149333409280253
38.0	31.0	0.09798726703114746
39.0	31.0	0.1476273700084858
40.0	31.0	0.8098508784399303
41.0	31.0	0.6730806266276681
42.0	31.0	0.293427888864501
43.0	31.0	0.5669181214639085
44.0	31.0	0.7479324364950708
45.0	31.0	0.08091905259326415
46.0	31.0	0.014220129162967554
47.0	31.0	0.34938485235062466
48.0	31.0	0.9619482436846125
49.0	31.0	0.9960753907083169
50.0	31.0	0.38346978857856584
51.0	31.0	0.0
52.0	31.0	0.6863917579036769
53.0	31.0	0.6404197165381447
54.0	31.0	0.3054766318900841
55.0	31.0	0.4008629824050609
56.0	31.0	0.41364004944603106
57.0	31.0	0.11245591941391564
58.0	31.0	0.25615623862062686
59.0	31.0	0.5450835063194792
60.0	31.0	0.7506564601470995
61.0	31.0	0.8098284948780936
62.0	31.0	0.9533981271041849
63.0	31.0	0.4419025317795362
64.0	31.0	0.4918707677221059
65.0	31.0	0.12738943810115133
66.0	31.0	0.22220017245393597
67.0	31.0	0.649540403910061
1.0	32.0	0.8791560793496376
2.0	32.0	0.07767053902019105
3.0	32.0	0.4209278942329735
4.0	32.0	0.32395305658618545
5.0	32.0	0.7106817608957228
6.0	32.0	0.4794528736774677
7.0	32.0	0.9539990382507251
8.0	32.0	0.7477862207015096
9.0	32.0	0.20065756579876481
10.0	32.0	0.879856651925335
11.0	32.0	0.93873782031314
12.0	32.0	0.7607266756096878
13.0	32.0	0.35346159328427573
14.0	32.0	0.13099044917087066
15.0	32.0	0.7796258271156706
16.0	32.0	0.5319100880867158
17.0	32.0	0.0
18.0	32.0	0.598931940390822
19.0	32.0	0.8578320244153388
20.0	32.0	0.04043012225422915
21.0	32.0	0.21890028118427796
22.0	32.0	0.5689899918513492
23.0	32.0	0.0029716508923665064
24.0	32.0	0.23294347283486938
25.0	32.0	0.3438023986199956
26.0	32.0	0.6733326811008504
27.0	32.0	0.028205054613237968
28.0	32.0	0.7121613376436602
29.0	32.0	0.707157783937165
30.0	32.0	0.26336356593612775
31.0	32.0	0.15208577694907865
32.0	32.0	0.000986245272200037
33.0	32.0	0.7736694837108857
34.0	32.0	0.0
35.0	32.0	0.3691421062782332
36.0	32.0	0.3282066813112292
37.0	32.0	0.18469570209720332
38.0	32.0	0.9722702755247383
39.0	32.0	0.2374575851640668
40.0	32.0	0.17411899205752923
41.0	32.0	0.22974902755786064
42.0	32.0	0.9303076286512151
43.0	32.0	0.24446361834936314
44.0	32.0	0.04992509274756429
45.0	32.0	0.7730095809108006
46.0	32.0	0.7128878278097848
47.0	32.0	0.25001716489830783
48.0	32.0	0.8994698661483287
49.0	32.0	0.8693512586174947
50.0	32.0	0.7468032099859296
51.0	32.0	0.0
52.0	32.0	0.7499417058727769
53.0	32.0	0.38650526282550746
54.0	32.0	0.8062458409351743
55.0	32.0	0.8311550182345995
56.0	32.0	0.08549760367676207
57.0	32.0	0.5017230662667713
58.0	32.0	0.19673576343237453
59.0	32.0	0.28505198899283846
60.0	32.0	0.17581554341052064
61.0	32.0	0.09509189260259188
62.0	32.0	0.46215115877662005
63.0	32.0	0.806543580978005
64.0	32.0	0.23798355063821708
65.0	32.0	0.3532310936241976
66.0	32.0	0.7615621256032472
67.0	32.0	0.2255650562858702
1.0	33.0	0.0794214437737144
2.0	33.0	0.6316845194704959
3.0	33.0	0.6440703150444751
4.0	33.0	0.12469709128929996
5.0	33.0	0.2582950566614184
6.0	33.0	0.47555361191863366
7.0	33.0	0.5516416319811448
8.0	33.0	0.41222049532990224
9.0	33.0	0.445353205782163
10.0	33.0	0.005293416427821995
11.0	33.0	0.2689624062226468
12.0	33.0	0.6686569485130582
13.0	33.0	0.08057936004331911
14.0	33.0	0.17956383429642075
15.0	33.0	0.4870189593655807
16.0	33.0	0.06525688096811133
17.0	33.0	0.0
18.0	33.0	0.060184433505175994
19.0	33.0	0.2680789073134604
20.0	33.0	0.34350337337244663
21.0	33.0	0.17229175226847415
22.0	33.0	0.7308400793041065
23.0	33.0	0.025423795304662766
24.0	33.0	0.17256947802021338
25.0	33.0	0.49565353792422884
26.0	33.0	0.22399377589086233
27.0	33.0	0.3211349931509364
28.0	33.0	0.4316122240128495
29.0	33.0	0.7871544192858555
30.0	33.0	0.11780677033949627
31.0	33.0	0.21953848357130057
32.0	33.0	0.8991469323798473
33.0	33.0	0.4944509120142022
34.0	33.0	0.0
35.0	33.0	0.9538756141671323
36.0	33.0	0.8411075982624245
37.0	33.0	0.3776906233790722
38.0	33.0	0.06199791100701124
39.0	33.0	0.031177084078416906
40.0	33.0	0.6295283074901865
41.0	33.0	0.48246574864168745
42.0	33.0	0.014061461778843043
43.0	33.0	0.12764372292836956
44.0	33.0	0.6573460173241585
45.0	33.0	0.3633421759282096
46.0	33.0	0.25487689345147446
47.0	33.0	0.06889183238324859
48.0	33.0	0.3365581305836156
49.0	33.0	0.42850955282779246
50.0	33.0	0.20761087329815386
51.0	33.0	0.0
52.0	33.0	0.942418993300792
53.0	33.0	0.09737219271479569
54.0	33.0	0.10557395207462728
55.0	33.0	0.6444739286366854
56.0	33.0	0.656728296462884
57.0	33.0	0.5473528177529035
58.0	33.0	0.13304657013930732
59.0	33.0	0.7413561708396714
60.0	33.0	0.5524619320029931
61.0	33.0	0.23150779069849903
62.0	33.0	0.9486945823146864
63.0	33.0	0.8038206533544541
64.0	33.0	0.5048089816123211
65.0	33.0	0.9992141756848851
66.0	33.0	0.10062216805664304
67.0	33.0	0.828913229167554
1.0	34.0	0.009454836419361401
2.0	34.0	0.8768607269032469
3.0	34.0	0.7013630627728045
4.0	34.0	0.021914984393244463
5.0	34.0	0.2506483885263151
6.0	34.0	0.8266757442142187
7.0	34.0	0.1689644984177907
8.0	34.0	0.1823809434264838
9.0	34.0	0.8263745478772544
10.0	34.0	0.04831012884594532
11.0	34.0	0.3288494216775324
12.0	34.0	0.70271372317952
13.0	34.0	0.03632755070023941
14.0	34.0	0.9802503015386179
15.0	34.0	0.06763109829897207
16.0	34.0	0.9294497950642131
17.0	34.0	0.0
18.0	34.0	0.447055742679741
19.0	34.0	0.13185400770540867
20.0	34.0	0.9437889964236932
21.0	34.0	0.7689505899112179
22.0	34.0	0.21916424948709934
23.0	34.0	0.6181269876095565
24.0	34.0	0.613429225950435
25.0	34.0	0.654559144815916
26.0	34.0	0.6091433542171776
27.0	34.0	0.38070534563069436
28.0	34.0	0.359475949732611
29.0	34.0	0.14901539057188118
30.0	34.0	0.5855139928660154
31.0	34.0	0.7379945316903676
32.0	34.0	0.4455852503936877
33.0	34.0	0.6039496763030408
34.0	34.0	0.0
35.0	34.0	0.2561430357758754
36.0	34.0	0.4598406434705615
37.0	34.0	0.42030761085118695
38.0	34.0	0.8327795945909104
39.0	34.0	0.07722103246999201
40.0	34.0	0.5672775224989974
41.0	34.0	0.4079061855801678
42.0	34.0	0.655369940838991
43.0	34.0	0.8282721354897431
44.0	34.0	0.5036981630390893
45.0	34.0	0.4969042935796426
46.0	34.0	0.8856036562477014
47.0	34.0	0.38601526045817947
48.0	34.0	0.7361601902924582
49.0	34.0	0.550397709323732
50.0	34.0	0.6111485082255028
51.0	34.0	0.0
52.0	34.0	0.6937868836692576
53.0	34.0	0.7188185131610907
54.0	34.0	0.8054636508205222
55.0	34.0	0.5510064998469499
56.0	34.0	0.266678308853197
57.0	34.0	0.43775339867272844
58.0	34.0	0.7250127883167752
59.0	34.0	0.20194261746464193
60.0	34.0	0.22673060004872436
61.0	34.0	0.6461420178531607
62.0	34.0	0.8562817447680582
63.0	34.0	0.6293200956453429
64.0	34.0	0.476047904221264
65.0	34.0	0.13176468842974853
66.0	34.0	0.8216341616494565
67.0	34.0	0.788056449749666
1.0	35.0	0.46464508600392995
2.0	35.0	0.8944648737990903
3.0	35.0	0.1373077579831099
4.0	35.0	0.8892356099791863
5.0	35.0	0.7809420504985805
6.0	35.0	0.2757350185850409
7.0	35.0	0.8481053277816821
8.0	35.0	0.6751598443940079
9.0	35.0	0.9133718322741349
10.0	35.0	0.004472564119440081
11.0	35.0	0.17164767166134842
12.0	35.0	0.8101590380199382
13.0	35.0	0.2902495760200219
14.0	35.0	0.05794062339632822
15.0	35.0	0.17576879123771305
16.0	35.0	0.296152216235803
17.0	35.0	0.0
18.0	35.0	0.9913094383860113
19.0	35.0	0.5326122859237636
20.0	35.0	0.7617962193664689
21.0	35.0	0.3980682452353117
22.0	35.0	0.38722629801636876
23.0	35.0	0.5071434552163658
24.0	35.0	0.5890322818596019
25.0	35.0	0.11301662179705785
26.0	35.0	0.17719301979172863
27.0	35.0	0.714965867248496
28.0	35.0	0.06192640408305361
29.0	35.0	0.39833606979429703
30.0	35.0	0.6657903884307486
31.0	35.0	0.39757537692548617
32.0	35.0	0.05766626395319774
33.0	35.0	0.04056485886883565
34.0	35.0	0.0
35.0	35.0	0.6092653090458182
36.0	35.0	0.689719292859974
37.0	35.0	0.1126212354127929
38.0	35.0	0.5966742982291404
39.0	35.0	0.7236293522885799
40.0	35.0	0.19825750041342816
41.0	35.0	0.6388616825668221
42.0	35.0	0.8926979556567671
43.0	35.0	0.40038966341135773
44.0	35.0	0.35684817647240874
45.0	35.0	0.9732045417030373
46.0	35.0	0.9477046754489165
47.0	35.0	0.6814376096157599
48.0	35.0	0.197335563036374
49.0	35.0	0.3043049309353514
50.0	35.0	0.9193640475934306
51.0	35.0	0.0
52.0	35.0	0.8798370182068682
53.0	35.0	0.21626120540457383
54.0	35.0	0.7600760260306187
55.0	35.0	0.2818470054254498
56.0	35.0	0.5374538084835128
57.0	35.0	0.8452021325484622
58.0	35.0	0.3874207373699752
59.0	35.0	0.5148084845170471
60.0	35.0	0.33327095767594517
61.0	35.0	0.639707755291401
62.0	35.0	0.5513135890530239
63.0	35.0	0.9539951141144059
64.0	35.0	0.009534419739181788
65.0	35.0	0.06815057303258731
66.0	35.0	0.7910438123203443
67.0	35.0	0.752450354950108
