x	y	data
1.0	1.0	0.4606158137321472
2.0	1.0	0.4689491391181946
3.0	1.0	0.48708638548851013
4.0	1.0	0.47801777720451355
5.0	1.0	0.4951746463775635
6.0	1.0	0.5130667686462402
7.0	1.0	0.512331485748291
8.0	1.0	0.49370405077934265
9.0	1.0	0.6848804950714111
10.0	1.0	0.6758118867874146
11.0	1.0	0.5226256251335144
12.0	1.0	0.5265471935272217
13.0	1.0	0.5285079479217529
14.0	1.0	0.5172334313392639
15.0	1.0	0.5196844339370728
16.0	1.0	0.5096353888511658
17.0	1.0	0.0
18.0	1.0	0.4449008107185364
19.0	1.0	0.46892040967941284
20.0	1.0	0.4873027801513672
21.0	1.0	0.4826458990573883
22.0	1.0	0.47529298067092896
23.0	1.0	0.48068511486053467
24.0	1.0	0.5017635822296143
25.0	1.0	0.5029890537261963
26.0	1.0	0.5047047138214111
27.0	1.0	0.5500478744506836
28.0	1.0	0.6816655397415161
29.0	1.0	0.6564204096794128
30.0	1.0	0.5382831692695618
31.0	1.0	0.5475968718528748
32.0	1.0	0.5365674495697021
33.0	1.0	0.5446557402610779
34.0	1.0	0.0
35.0	1.0	0.5433861613273621
36.0	1.0	0.5475528240203857
37.0	1.0	0.54216068983078
38.0	1.0	0.5073567628860474
39.0	1.0	0.5073567628860474
40.0	1.0	0.48554304242134094
41.0	1.0	0.4985332489013672
42.0	1.0	0.467160701751709
43.0	1.0	0.4791705012321472
44.0	1.0	0.4835822582244873
45.0	1.0	0.44485676288604736
46.0	1.0	0.4357881546020508
47.0	1.0	0.4326018691062927
48.0	1.0	0.4210822582244873
49.0	1.0	0.3992685377597809
50.0	1.0	0.3911803066730499
51.0	1.0	0.0
52.0	1.0	0.4725930690765381
53.0	1.0	0.4723479747772217
54.0	1.0	0.478475421667099
55.0	1.0	0.4819067716598511
56.0	1.0	0.4956322908401489
57.0	1.0	0.49171072244644165
58.0	1.0	0.4988185465335846
59.0	1.0	0.5184264183044434
60.0	1.0	0.4892597198486328
61.0	1.0	0.5100930333137512
62.0	1.0	0.5186715126037598
63.0	1.0	0.5289655923843384
64.0	1.0	0.522593080997467
65.0	1.0	0.509357750415802
66.0	1.0	0.506171464920044
67.0	1.0	0.5417107343673706
1.0	2.0	0.45105698704719543
2.0	2.0	0.45595893263816833
3.0	2.0	0.4760569930076599
4.0	2.0	0.481449156999588
5.0	2.0	0.4861060082912445
6.0	2.0	0.48806679248809814
7.0	2.0	0.4961550235748291
8.0	2.0	0.6138020753860474
9.0	2.0	0.6856158375740051
10.0	2.0	0.5978707075119019
11.0	2.0	0.5191942453384399
12.0	2.0	0.5395373702049255
13.0	2.0	0.5326746106147766
14.0	2.0	0.49958640336990356
15.0	2.0	0.5167432427406311
16.0	2.0	0.5157628655433655
17.0	2.0	0.0
18.0	2.0	0.45421454310417175
19.0	2.0	0.46867531538009644
20.0	2.0	0.4613223671913147
21.0	2.0	0.4566655158996582
22.0	2.0	0.465243935585022
23.0	2.0	0.4782341420650482
24.0	2.0	0.5086262822151184
25.0	2.0	0.4936753213405609
26.0	2.0	0.5123027563095093
27.0	2.0	0.6895086765289307
28.0	2.0	0.6787243485450745
29.0	2.0	0.5162243247032166
30.0	2.0	0.5137733817100525
31.0	2.0	0.5424498319625854
32.0	2.0	0.5243125557899475
33.0	2.0	0.5100969076156616
34.0	2.0	0.0
35.0	2.0	0.5416705012321472
36.0	2.0	0.5076018571853638
37.0	2.0	0.5176509022712708
38.0	2.0	0.4938763678073883
39.0	2.0	0.4997587203979492
40.0	2.0	0.49044501781463623
41.0	2.0	0.4776999056339264
42.0	2.0	0.4583371579647064
43.0	2.0	0.47034695744514465
44.0	2.0	0.4529449939727783
45.0	2.0	0.4264744222164154
46.0	2.0	0.40760186314582825
47.0	2.0	0.40735676884651184
48.0	2.0	0.39681756496429443
49.0	2.0	0.3838273584842682
50.0	2.0	0.3835822641849518
51.0	2.0	0.0
52.0	2.0	0.4777401089668274
53.0	2.0	0.46009305119514465
54.0	2.0	0.4679361879825592
55.0	2.0	0.47626954317092896
56.0	2.0	0.4721028506755829
57.0	2.0	0.5047008991241455
58.0	2.0	0.49734795093536377
59.0	2.0	0.49171072244644165
60.0	2.0	0.4995538592338562
61.0	2.0	0.5103381872177124
62.0	2.0	0.4993087351322174
63.0	2.0	0.5211224555969238
64.0	2.0	0.5247989296913147
65.0	2.0	0.5145048499107361
66.0	2.0	0.5233283638954163
67.0	2.0	0.7012695074081421
1.0	3.0	0.4432138502597809
2.0	3.0	0.4449295401573181
3.0	3.0	0.4539981484413147
4.0	3.0	0.4662530720233917
5.0	3.0	0.48291972279548645
6.0	3.0	0.4789981544017792
7.0	3.0	0.4919883608818054
8.0	3.0	0.6880667805671692
9.0	3.0	0.6723805069923401
10.0	3.0	0.5275275707244873
11.0	3.0	0.5138021111488342
12.0	3.0	0.5356158018112183
13.0	3.0	0.5115962028503418
14.0	3.0	0.5047334432601929
15.0	3.0	0.5079197287559509
16.0	3.0	0.5069393515586853
17.0	3.0	0.0
18.0	3.0	0.43926355242729187
19.0	3.0	0.4466165006160736
20.0	3.0	0.45911648869514465
21.0	3.0	0.4524988532066345
22.0	3.0	0.4681851267814636
23.0	3.0	0.4770086407661438
24.0	3.0	0.4828909933567047
25.0	3.0	0.499067485332489
26.0	3.0	0.6512733697891235
27.0	3.0	0.7005380392074585
28.0	3.0	0.5520086288452148
29.0	3.0	0.4983321726322174
30.0	3.0	0.5078909993171692
31.0	3.0	0.5059302449226379
32.0	3.0	0.5147537589073181
33.0	3.0	0.5147537589073181
34.0	3.0	0.0
35.0	3.0	0.5156900882720947
36.0	3.0	0.5122587084770203
37.0	3.0	0.49681755900382996
38.0	3.0	0.4921606779098511
39.0	3.0	0.4818665683269501
40.0	3.0	0.47132736444473267
41.0	3.0	0.46495482325553894
42.0	3.0	0.437503844499588
43.0	3.0	0.4323567748069763
44.0	3.0	0.41421952843666077
45.0	3.0	0.40343520045280457
46.0	3.0	0.4112783372402191
47.0	3.0	0.39191558957099915
48.0	3.0	0.3938763737678528
49.0	3.0	0.39265090227127075
50.0	3.0	0.4014744162559509
51.0	3.0	0.0
52.0	3.0	0.44783815741539
53.0	3.0	0.4561714828014374
54.0	3.0	0.4529852271080017
55.0	3.0	0.4613185524940491
56.0	3.0	0.4669558107852936
57.0	3.0	0.46524012088775635
58.0	3.0	0.47112247347831726
59.0	3.0	0.4988185465335846
60.0	3.0	0.5039656162261963
61.0	3.0	0.5147499442100525
62.0	3.0	0.49734795093536377
63.0	3.0	0.5091126561164856
64.0	3.0	0.5191617012023926
65.0	3.0	0.5024950504302979
66.0	3.0	0.7047008872032166
67.0	3.0	0.6907303333282471
1.0	4.0	0.43561580777168274
2.0	4.0	0.4334099292755127
3.0	4.0	0.44713541865348816
4.0	4.0	0.4537530541419983
5.0	4.0	0.4638020694255829
6.0	4.0	0.4848805069923401
7.0	4.0	0.6439491510391235
8.0	4.0	0.6870864033699036
9.0	4.0	0.5289981365203857
10.0	4.0	0.5319393277168274
11.0	4.0	0.5101256370544434
12.0	4.0	0.5177236795425415
13.0	4.0	0.5022825002670288
14.0	4.0	0.48880207538604736
15.0	4.0	0.4951746463775635
16.0	4.0	0.4922334551811218
17.0	4.0	0.0
18.0	4.0	0.4402439594268799
19.0	4.0	0.43264591693878174
20.0	4.0	0.4473517835140228
21.0	4.0	0.44906747341156006
22.0	4.0	0.47578316926956177
23.0	4.0	0.47039100527763367
24.0	4.0	0.47872433066368103
25.0	4.0	0.5032341480255127
26.0	4.0	0.6939204335212708
27.0	4.0	0.6483321785926819
28.0	4.0	0.4922047257423401
29.0	4.0	0.5110772848129272
30.0	4.0	0.5049498081207275
31.0	4.0	0.5037243366241455
32.0	4.0	0.5000478625297546
33.0	4.0	0.5054400563240051
34.0	4.0	0.0
35.0	4.0	0.5049058198928833
36.0	4.0	0.5017195343971252
37.0	4.0	0.48578813672065735
38.0	4.0	0.47671952843666077
39.0	4.0	0.46005284786224365
40.0	4.0	0.4561312794685364
41.0	4.0	0.44436657428741455
42.0	4.0	0.4196116626262665
43.0	4.0	0.4041704833507538
44.0	4.0	0.4002489149570465
45.0	4.0	0.38284698128700256
46.0	4.0	0.38284698128700256
47.0	4.0	0.39853325486183167
48.0	4.0	0.4051508903503418
49.0	4.0	0.4264744222164154
50.0	4.0	0.43970972299575806
51.0	4.0	0.0
52.0	4.0	0.3988185524940491
53.0	4.0	0.4216126799583435
54.0	4.0	0.44465187191963196
55.0	4.0	0.4380342364311218
56.0	4.0	0.4529852271080017
57.0	4.0	0.4770048260688782
58.0	4.0	0.47087737917900085
59.0	4.0	0.4819067716598511
60.0	4.0	0.4929361939430237
61.0	4.0	0.500044047832489
62.0	4.0	0.5064166188240051
63.0	4.0	0.5088675618171692
64.0	4.0	0.5034754276275635
65.0	4.0	0.6944068074226379
66.0	4.0	0.6929361820220947
67.0	4.0	0.5353381633758545
1.0	5.0	0.4130667746067047
2.0	5.0	0.4130667746067047
3.0	5.0	0.43586090207099915
4.0	5.0	0.4444393515586853
5.0	5.0	0.46208640933036804
6.0	5.0	0.4652726650238037
7.0	5.0	0.6816942691802979
8.0	5.0	0.6316942572593689
9.0	5.0	0.5000765919685364
10.0	5.0	0.5017922520637512
11.0	5.0	0.5015471577644348
12.0	5.0	0.5022825002670288
13.0	5.0	0.4851256012916565
14.0	5.0	0.4863511025905609
15.0	5.0	0.490762859582901
16.0	5.0	0.4910079538822174
17.0	5.0	0.0
18.0	5.0	0.424312561750412
19.0	5.0	0.4306851327419281
20.0	5.0	0.4314204156398773
21.0	5.0	0.4512733519077301
22.0	5.0	0.4551949203014374
23.0	5.0	0.46622434258461
24.0	5.0	0.4762733578681946
25.0	5.0	0.6789694428443909
26.0	5.0	0.6561753153800964
27.0	5.0	0.5015184879302979
28.0	5.0	0.5044596195220947
29.0	5.0	0.4941655099391937
30.0	5.0	0.49146944284439087
31.0	5.0	0.499067485332489
32.0	5.0	0.5037243366241455
33.0	5.0	0.4975968897342682
34.0	5.0	0.0
35.0	5.0	0.5024548172950745
36.0	5.0	0.49093520641326904
37.0	5.0	0.4786803126335144
38.0	5.0	0.4585822522640228
39.0	5.0	0.44363129138946533
40.0	5.0	0.4161803126335144
41.0	5.0	0.5252489447593689
42.0	5.0	0.6568665504455566
43.0	5.0	0.6480430364608765
44.0	5.0	0.5311312675476074
45.0	5.0	0.4147097170352936
46.0	5.0	0.4360332489013672
47.0	5.0	0.45956265926361084
48.0	5.0	0.47500383853912354
49.0	5.0	0.48652344942092896
50.0	5.0	0.4946116805076599
51.0	5.0	0.0
52.0	5.0	0.3681812882423401
53.0	5.0	0.3953871726989746
54.0	5.0	0.40764206647872925
55.0	5.0	0.42945581674575806
56.0	5.0	0.4424459934234619
57.0	5.0	0.45077934861183167
58.0	5.0	0.45984795689582825
59.0	5.0	0.4625440537929535
60.0	5.0	0.47602441906929016
61.0	5.0	0.48043620586395264
62.0	5.0	0.47994598746299744
63.0	5.0	0.49122050404548645
64.0	5.0	0.6946519017219543
65.0	5.0	0.6978381872177124
66.0	5.0	0.5480832457542419
67.0	5.0	0.5436714887619019
1.0	6.0	0.38953736424446106
2.0	6.0	0.4111059904098511
3.0	6.0	0.4287530779838562
4.0	6.0	0.4437040388584137
5.0	6.0	0.4539981484413147
6.0	6.0	0.6419883370399475
7.0	6.0	0.6714001297950745
8.0	6.0	0.4964001178741455
9.0	6.0	0.4902726709842682
10.0	6.0	0.49443933367729187
11.0	6.0	0.49934130907058716
12.0	6.0	0.49296873807907104
13.0	6.0	0.4843903183937073
14.0	6.0	0.48046875
15.0	6.0	0.4809589385986328
16.0	6.0	0.4799785614013672
17.0	6.0	0.0
18.0	6.0	0.4054400324821472
19.0	6.0	0.4199008047580719
20.0	6.0	0.42725375294685364
21.0	6.0	0.43803808093070984
22.0	6.0	0.4502929747104645
23.0	6.0	0.4615674912929535
24.0	6.0	0.643430233001709
25.0	6.0	0.6760282516479492
26.0	6.0	0.5015184879302979
27.0	6.0	0.5047047138214111
28.0	6.0	0.4924498200416565
29.0	6.0	0.49122434854507446
30.0	6.0	0.49048903584480286
31.0	6.0	0.48975375294685364
32.0	6.0	0.49097925424575806
33.0	6.0	0.4863223731517792
34.0	6.0	0.0
35.0	6.0	0.4921606779098511
36.0	6.0	0.4772097170352936
37.0	6.0	0.45417049527168274
38.0	6.0	0.43333715200424194
39.0	6.0	0.5764744281768799
40.0	6.0	0.64338618516922
41.0	6.0	0.6553959846496582
42.0	6.0	0.4872587323188782
43.0	6.0	0.44975873827934265
44.0	6.0	0.4776999056339264
45.0	6.0	0.49534696340560913
46.0	6.0	0.5078469514846802
47.0	6.0	0.5147097110748291
48.0	6.0	0.5279449820518494
49.0	6.0	0.5382391214370728
50.0	6.0	0.6696116924285889
51.0	6.0	0.0
52.0	6.0	0.5591126680374146
53.0	6.0	0.43827933073043823
54.0	6.0	0.374063640832901
55.0	6.0	0.3963675796985626
56.0	6.0	0.4167107045650482
57.0	6.0	0.4355832636356354
58.0	6.0	0.43852442502975464
59.0	6.0	0.4417107105255127
60.0	6.0	0.4613185524940491
61.0	6.0	0.46524012088775635
62.0	6.0	0.47675973176956177
63.0	6.0	0.6904852390289307
64.0	6.0	0.6897498965263367
65.0	6.0	0.5284754037857056
66.0	6.0	0.5191617012023926
67.0	6.0	0.5078871846199036
1.0	7.0	0.36282169818878174
2.0	7.0	0.3961550295352936
3.0	7.0	0.4081648290157318
4.0	7.0	0.43120405077934265
5.0	7.0	0.44566482305526733
6.0	7.0	0.6664981842041016
7.0	7.0	0.4863511025905609
8.0	7.0	0.48782169818878174
9.0	7.0	0.48929229378700256
10.0	7.0	0.48267462849617004
11.0	7.0	0.48316481709480286
12.0	7.0	0.48365503549575806
13.0	7.0	0.4799785614013672
14.0	7.0	0.47336089611053467
15.0	7.0	0.48218443989753723
16.0	7.0	0.48831188678741455
17.0	7.0	0.0
18.0	7.0	0.3735772967338562
19.0	7.0	0.3929400146007538
20.0	7.0	0.40691062808036804
21.0	7.0	0.424312561750412
22.0	7.0	0.4424498379230499
23.0	7.0	0.45494982600212097
24.0	7.0	0.6686753034591675
25.0	7.0	0.4939204156398773
26.0	7.0	0.488773375749588
27.0	7.0	0.48779296875
28.0	7.0	0.498087078332901
29.0	7.0	0.49637138843536377
30.0	7.0	0.47578316926956177
31.0	7.0	0.47994983196258545
32.0	7.0	0.4819106161594391
33.0	7.0	0.476518452167511
34.0	7.0	0.0
35.0	7.0	0.4830920696258545
36.0	7.0	0.44951364398002625
37.0	7.0	0.41838619112968445
38.0	7.0	0.6112783551216125
39.0	7.0	0.6193665862083435
40.0	7.0	0.4838273525238037
41.0	7.0	0.4990234375
42.0	7.0	0.5205920934677124
43.0	7.0	0.6049057841300964
44.0	7.0	0.6669155955314636
45.0	7.0	0.6622587442398071
46.0	7.0	0.6762292981147766
47.0	7.0	0.6879940032958984
48.0	7.0	0.6757391095161438
49.0	7.0	0.6860332489013672
50.0	7.0	0.6201018691062927
51.0	7.0	0.0
52.0	7.0	0.43386757373809814
53.0	7.0	0.5591126680374146
54.0	7.0	0.40298521518707275
55.0	7.0	0.33607345819473267
56.0	7.0	0.4066616892814636
57.0	7.0	0.39195579290390015
58.0	7.0	0.4201420843601227
59.0	7.0	0.43337738513946533
60.0	7.0	0.43876951932907104
61.0	7.0	0.46033814549446106
62.0	7.0	0.674308717250824
63.0	7.0	0.6885244250297546
64.0	7.0	0.5054361820220947
65.0	7.0	0.5064166188240051
66.0	7.0	0.5125440359115601
67.0	7.0	0.5115636587142944
1.0	8.0	0.4755667746067047
2.0	8.0	0.4709099233150482
3.0	8.0	0.4022824764251709
4.0	8.0	0.4008118808269501
5.0	8.0	0.5319393277168274
6.0	8.0	0.6331648230552673
7.0	8.0	0.47311580181121826
8.0	8.0	0.4799785614013672
9.0	8.0	0.4758118987083435
10.0	8.0	0.4662530720233917
11.0	8.0	0.4694393277168274
12.0	8.0	0.4662530720233917
13.0	8.0	0.46674326062202454
14.0	8.0	0.46723344922065735
15.0	8.0	0.46674326062202454
16.0	8.0	0.4633118808269501
17.0	8.0	0.0
18.0	8.0	0.4779890477657318
19.0	8.0	0.47970473766326904
20.0	8.0	0.4399988651275635
21.0	8.0	0.40127336978912354
22.0	8.0	0.42186158895492554
23.0	8.0	0.6390184760093689
24.0	8.0	0.5417145490646362
25.0	8.0	0.48117533326148987
26.0	8.0	0.4865674674510956
27.0	8.0	0.48019492626190186
28.0	8.0	0.4779890477657318
29.0	8.0	0.47896942496299744
30.0	8.0	0.48117533326148987
31.0	8.0	0.4772537648677826
32.0	8.0	0.4767635464668274
33.0	8.0	0.4777439534664154
34.0	8.0	0.0
35.0	8.0	0.4617685377597809
36.0	8.0	0.5551508665084839
37.0	8.0	0.5867685079574585
38.0	8.0	0.5941214561462402
39.0	8.0	0.5924057960510254
40.0	8.0	0.6171606779098511
41.0	8.0	0.6301509141921997
42.0	8.0	0.6477979421615601
43.0	8.0	0.5997587442398071
44.0	8.0	0.5747587084770203
45.0	8.0	0.5762293338775635
46.0	8.0	0.5725528597831726
47.0	8.0	0.5757391452789307
48.0	8.0	0.5801509022712708
49.0	8.0	0.5769646167755127
50.0	8.0	0.5688763856887817
51.0	8.0	0.0
52.0	8.0	0.559357762336731
53.0	8.0	0.5505342483520508
54.0	8.0	0.5350930690765381
55.0	8.0	0.5213675498962402
56.0	8.0	0.5321518778800964
57.0	8.0	0.5392597317695618
58.0	8.0	0.4669558107852936
59.0	8.0	0.4194067716598511
60.0	8.0	0.4301910996437073
61.0	8.0	0.5461224913597107
62.0	8.0	0.6679362058639526
63.0	8.0	0.5002891421318054
64.0	8.0	0.5115636587142944
65.0	8.0	0.5015146136283875
66.0	8.0	0.5066617131233215
67.0	8.0	0.500044047832489
1.0	9.0	0.0
2.0	9.0	0.0
3.0	9.0	0.0
4.0	9.0	0.0
5.0	9.0	0.0
6.0	9.0	0.0
7.0	9.0	0.0
8.0	9.0	0.0
9.0	9.0	0.0
10.0	9.0	0.0
11.0	9.0	0.0
12.0	9.0	0.0
13.0	9.0	0.0
14.0	9.0	0.0
15.0	9.0	0.0
16.0	9.0	0.0
17.0	9.0	0.0
18.0	9.0	0.0
19.0	9.0	0.0
20.0	9.0	0.0
21.0	9.0	0.0
22.0	9.0	0.0
23.0	9.0	0.0
24.0	9.0	0.0
25.0	9.0	0.0
26.0	9.0	0.0
27.0	9.0	0.0
28.0	9.0	0.0
29.0	9.0	0.0
30.0	9.0	0.0
31.0	9.0	0.0
32.0	9.0	0.0
33.0	9.0	0.0
34.0	9.0	0.0
35.0	9.0	0.0
36.0	9.0	0.0
37.0	9.0	0.0
38.0	9.0	0.0
39.0	9.0	0.0
40.0	9.0	0.0
41.0	9.0	0.0
42.0	9.0	0.0
43.0	9.0	0.0
44.0	9.0	0.0
45.0	9.0	0.0
46.0	9.0	0.0
47.0	9.0	0.0
48.0	9.0	0.0
49.0	9.0	0.0
50.0	9.0	0.0
51.0	9.0	0.0
52.0	9.0	0.0
53.0	9.0	0.0
54.0	9.0	0.0
55.0	9.0	0.0
56.0	9.0	0.0
57.0	9.0	0.0
58.0	9.0	0.0
59.0	9.0	0.0
60.0	9.0	0.0
61.0	9.0	0.0
62.0	9.0	0.0
63.0	9.0	0.0
64.0	9.0	0.0
65.0	9.0	0.0
66.0	9.0	0.0
67.0	9.0	0.0
1.0	10.0	0.40589767694473267
2.0	10.0	0.41423100233078003
3.0	10.0	0.4036917984485626
4.0	10.0	0.4181525707244873
5.0	10.0	0.4495251178741455
6.0	10.0	0.4600643515586853
7.0	10.0	0.45687806606292725
8.0	10.0	0.46276041865348816
9.0	10.0	0.48310354351997375
10.0	10.0	0.4897212088108063
11.0	10.0	0.5058977007865906
12.0	10.0	0.5044270753860474
13.0	10.0	0.5120251178741455
14.0	10.0	0.5032016038894653
15.0	10.0	0.5277113914489746
16.0	10.0	0.5345741510391235
17.0	10.0	0.0
18.0	10.0	0.5440755486488342
19.0	10.0	0.540153980255127
20.0	10.0	0.5215265154838562
21.0	10.0	0.5180951356887817
22.0	10.0	0.5139284729957581
23.0	10.0	0.5078009963035583
24.0	10.0	0.4955461025238037
25.0	10.0	0.5021637678146362
26.0	10.0	0.4957911968231201
27.0	10.0	0.47618335485458374
28.0	10.0	0.4487323760986328
29.0	10.0	0.4538794457912445
30.0	10.0	0.43574219942092896
31.0	10.0	0.4328010082244873
32.0	10.0	0.41956570744514465
33.0	10.0	0.40461474657058716
34.0	10.0	0.0
35.0	10.0	0.4259669780731201
36.0	10.0	0.4264571964740753
37.0	10.0	0.4053787589073181
38.0	10.0	0.39067286252975464
39.0	10.0	0.6597905158996582
40.0	10.0	0.6534179449081421
41.0	10.0	0.39606502652168274
42.0	10.0	0.40635913610458374
43.0	10.0	0.41126111149787903
44.0	10.0	0.418368935585022
45.0	10.0	0.4421434700489044
46.0	10.0	0.4568493366241455
47.0	10.0	0.47523170709609985
48.0	10.0	0.4825846254825592
49.0	10.0	0.4867512881755829
50.0	10.0	0.49680033326148987
51.0	10.0	0.0
52.0	10.0	0.5265529155731201
53.0	10.0	0.5294941067695618
54.0	10.0	0.5292490124702454
55.0	10.0	0.5267980098724365
56.0	10.0	0.5216509699821472
57.0	10.0	0.5086607933044434
58.0	10.0	0.4934646785259247
59.0	10.0	0.4932195842266083
60.0	10.0	0.48071959614753723
61.0	10.0	0.46503332257270813
62.0	10.0	0.45596468448638916
63.0	10.0	0.4628274440765381
64.0	10.0	0.43464115262031555
65.0	10.0	0.4160137176513672
66.0	10.0	0.40890586376190186
67.0	10.0	0.38782742619514465
1.0	11.0	0.5831035375595093
2.0	11.0	0.3960937559604645
3.0	11.0	0.39952513575553894
4.0	11.0	0.4186427593231201
5.0	11.0	0.4350643455982208
6.0	11.0	0.4350643455982208
7.0	11.0	0.4495251178741455
8.0	11.0	0.46741726994514465
9.0	11.0	0.4698682725429535
10.0	11.0	0.5012407898902893
11.0	11.0	0.49805453419685364
12.0	11.0	0.5044270753860474
13.0	11.0	0.5095741152763367
14.0	11.0	0.5201133489608765
15.0	11.0	0.5157015919685364
16.0	11.0	0.5257506370544434
17.0	11.0	0.0
18.0	11.0	0.5237323641777039
19.0	11.0	0.5195657014846802
20.0	11.0	0.518830418586731
21.0	11.0	0.49873238801956177
22.0	11.0	0.4896637499332428
23.0	11.0	0.48770296573638916
24.0	11.0	0.48721277713775635
25.0	11.0	0.46735984086990356
26.0	11.0	0.47691866755485535
27.0	11.0	0.4482421875
28.0	11.0	0.42936962842941284
29.0	11.0	0.4330461025238037
30.0	11.0	0.4171147346496582
31.0	11.0	0.42054611444473267
32.0	11.0	0.3918696343898773
33.0	11.0	0.3901539444923401
34.0	11.0	0.0
35.0	11.0	0.4048885703086853
36.0	11.0	0.4404277801513672
37.0	11.0	0.4056238532066345
38.0	11.0	0.39189836382865906
39.0	11.0	0.661506175994873
40.0	11.0	0.620329737663269
41.0	11.0	0.3931238651275635
42.0	11.0	0.41126111149787903
43.0	11.0	0.40194737911224365
44.0	11.0	0.4477807283401489
45.0	11.0	0.4615062177181244
46.0	11.0	0.4558689594268799
47.0	11.0	0.47547680139541626
48.0	11.0	0.48405522108078003
49.0	11.0	0.4970454275608063
50.0	11.0	0.5078297257423401
51.0	11.0	0.0
52.0	11.0	0.5339058637619019
53.0	11.0	0.5147882103919983
54.0	11.0	0.5194450616836548
55.0	11.0	0.5091509819030762
56.0	11.0	0.5069450736045837
57.0	11.0	0.48194509744644165
58.0	11.0	0.48758232593536377
59.0	11.0	0.47091567516326904
60.0	11.0	0.45743528008461
61.0	11.0	0.45522940158843994
62.0	11.0	0.44101372361183167
63.0	11.0	0.4368470311164856
64.0	11.0	0.41405293345451355
65.0	11.0	0.3998372256755829
66.0	11.0	0.3760627210140228
67.0	11.0	0.3586607575416565
1.0	12.0	0.6147211790084839
2.0	12.0	0.632368266582489
3.0	12.0	0.45663297176361084
4.0	12.0	0.3862898349761963
5.0	12.0	0.4073682725429535
6.0	12.0	0.43187806010246277
7.0	12.0	0.4436427652835846
8.0	12.0	0.4544270932674408
9.0	12.0	0.47133883833885193
10.0	12.0	0.4742800295352936
11.0	12.0	0.4862898290157318
12.0	12.0	0.49805453419685364
13.0	12.0	0.5107996463775635
14.0	12.0	0.5181525945663452
15.0	12.0	0.5147212147712708
16.0	12.0	0.5220741629600525
17.0	12.0	0.0
18.0	12.0	0.5261833667755127
19.0	12.0	0.5131931900978088
20.0	12.0	0.5107421875
21.0	12.0	0.4906441569328308
22.0	12.0	0.48255592584609985
23.0	12.0	0.4850068986415863
24.0	12.0	0.47691866755485535
25.0	12.0	0.45142847299575806
26.0	12.0	0.43084022402763367
27.0	12.0	0.43476179242134094
28.0	12.0	0.4281441569328308
29.0	12.0	0.4131931662559509
30.0	12.0	0.4019186496734619
31.0	12.0	0.39432060718536377
32.0	12.0	0.4011833667755127
33.0	12.0	0.4024088680744171
34.0	12.0	0.0
35.0	12.0	0.4450846314430237
36.0	12.0	0.4053787589073181
37.0	12.0	0.41322189569473267
38.0	12.0	0.39042776823043823
39.0	12.0	0.6539081931114197
40.0	12.0	0.6573395133018494
41.0	12.0	0.40317288041114807
42.0	12.0	0.40268266201019287
43.0	12.0	0.41150620579719543
44.0	12.0	0.44434934854507446
45.0	12.0	0.46420228481292725
46.0	12.0	0.4676336646080017
47.0	12.0	0.4820944368839264
48.0	12.0	0.4835650324821472
49.0	12.0	0.5056238770484924
50.0	12.0	0.52278071641922
51.0	12.0	0.0
52.0	12.0	0.5282686352729797
53.0	12.0	0.5074352622032166
54.0	12.0	0.5022882223129272
55.0	12.0	0.5032685995101929
56.0	12.0	0.5035136938095093
57.0	12.0	0.48219019174575806
58.0	12.0	0.4792490005493164
59.0	12.0	0.46576860547065735
60.0	12.0	0.45498430728912354
61.0	12.0	0.4424842894077301
62.0	12.0	0.4172391891479492
63.0	12.0	0.4015529155731201
64.0	12.0	0.39297449588775635
65.0	12.0	0.4750823378562927
66.0	12.0	0.6336607933044434
67.0	12.0	0.5461607575416565
1.0	13.0	0.40393689274787903
2.0	13.0	0.5617800354957581
3.0	13.0	0.6313878893852234
4.0	13.0	0.6179074645042419
5.0	13.0	0.3853094279766083
6.0	13.0	0.4022212028503418
7.0	13.0	0.42452511191368103
8.0	13.0	0.44119179248809814
9.0	13.0	0.4505055248737335
10.0	13.0	0.4708486497402191
11.0	13.0	0.48776042461395264
12.0	13.0	0.48727020621299744
13.0	13.0	0.49241727590560913
14.0	13.0	0.5078584551811218
15.0	13.0	0.5105545520782471
16.0	13.0	0.5196231603622437
17.0	13.0	0.0
18.0	13.0	0.5252029895782471
19.0	13.0	0.5082911849021912
20.0	13.0	0.4945657253265381
21.0	13.0	0.4889284670352936
22.0	13.0	0.4690755307674408
23.0	13.0	0.4646637439727783
24.0	13.0	0.4575559198856354
25.0	13.0	0.4367225766181946
26.0	13.0	0.416379451751709
27.0	13.0	0.4068206250667572
28.0	13.0	0.3967716097831726
29.0	13.0	0.38843825459480286
30.0	13.0	0.4009382724761963
31.0	13.0	0.4131931662559509
32.0	13.0	0.4215264916419983
33.0	13.0	0.43549707531929016
34.0	13.0	0.0
35.0	13.0	0.47008463740348816
36.0	13.0	0.4470454156398773
37.0	13.0	0.4100356101989746
38.0	13.0	0.39165326952934265
39.0	13.0	0.6318493485450745
40.0	13.0	0.6257218718528748
41.0	13.0	0.3884669840335846
42.0	13.0	0.3987610936164856
43.0	13.0	0.4264571964740753
44.0	13.0	0.4553787410259247
45.0	13.0	0.46371209621429443
46.0	13.0	0.47008463740348816
47.0	13.0	0.4887120723724365
48.0	13.0	0.5029277801513672
49.0	13.0	0.5154277682304382
50.0	13.0	0.5144473910331726
51.0	13.0	0.0
52.0	13.0	0.5145431160926819
53.0	13.0	0.5147882103919983
54.0	13.0	0.49763137102127075
55.0	13.0	0.5000823140144348
56.0	13.0	0.4890529215335846
57.0	13.0	0.4689548909664154
58.0	13.0	0.4642980098724365
59.0	13.0	0.4481215476989746
60.0	13.0	0.4540039002895355
61.0	13.0	0.4172391891479492
62.0	13.0	0.39346468448638916
63.0	13.0	0.4427293837070465
64.0	13.0	0.6375823616981506
65.0	13.0	0.6309646964073181
66.0	13.0	0.5944451093673706
67.0	13.0	0.37214115262031555
1.0	14.0	0.4394761025905609
2.0	14.0	0.42550551891326904
3.0	14.0	0.3960937559604645
4.0	14.0	0.6063878536224365
5.0	14.0	0.6259956955909729
6.0	14.0	0.6370251178741455
7.0	14.0	0.382368266582489
8.0	14.0	0.41619178652763367
9.0	14.0	0.4338388442993164
10.0	14.0	0.43727022409439087
11.0	14.0	0.45761334896087646
12.0	14.0	0.473544716835022
13.0	14.0	0.4914368987083435
14.0	14.0	0.49854472279548645
15.0	14.0	0.504181981086731
16.0	14.0	0.5066329836845398
17.0	14.0	0.0
18.0	14.0	0.5261833667755127
19.0	14.0	0.5082911849021912
20.0	14.0	0.48598727583885193
21.0	14.0	0.4734872877597809
22.0	14.0	0.4649088680744171
23.0	14.0	0.4470166862010956
24.0	14.0	0.41343826055526733
25.0	14.0	0.5982421636581421
26.0	14.0	0.6426049470901489
27.0	14.0	0.6274088621139526
28.0	14.0	0.40510493516921997
29.0	14.0	0.4276539385318756
30.0	14.0	0.44162455201148987
31.0	14.0	0.4680951237678528
32.0	14.0	0.478879451751709
33.0	14.0	0.4899088442325592
34.0	14.0	0.0
35.0	14.0	0.46983954310417175
36.0	14.0	0.45415326952934265
37.0	14.0	0.4195944368839264
38.0	14.0	0.40635913610458374
39.0	14.0	0.5938591361045837
40.0	14.0	0.6186140179634094
41.0	14.0	0.3941042423248291
42.0	14.0	0.4139571785926819
43.0	14.0	0.4311140477657318
44.0	14.0	0.45390817523002625
45.0	14.0	0.4708199203014374
46.0	14.0	0.4887120723724365
47.0	14.0	0.5088101029396057
48.0	14.0	0.5183689594268799
49.0	14.0	0.5171434879302979
50.0	14.0	0.5257219076156616
51.0	14.0	0.0
52.0	14.0	0.5150333046913147
53.0	14.0	0.509641170501709
54.0	14.0	0.4959156811237335
55.0	14.0	0.4954254627227783
56.0	14.0	0.4728764593601227
57.0	14.0	0.4591509699821472
58.0	14.0	0.4422391951084137
59.0	14.0	0.4260627329349518
60.0	14.0	0.3993470370769501
61.0	14.0	0.4576803743839264
62.0	14.0	0.6297392249107361
63.0	14.0	0.6361117362976074
64.0	14.0	0.5282686352729797
65.0	14.0	0.39714115858078003
66.0	14.0	0.41870978474617004
67.0	14.0	0.4378274381160736
1.0	15.0	0.48310354351997375
2.0	15.0	0.4742800295352936
3.0	15.0	0.46227023005485535
4.0	15.0	0.45516237616539
5.0	15.0	0.42550551891326904
6.0	15.0	0.622319221496582
7.0	15.0	0.6316329836845398
8.0	15.0	0.4169270694255829
9.0	15.0	0.402956485748291
10.0	15.0	0.43530943989753723
11.0	15.0	0.44756433367729187
12.0	15.0	0.46741726994514465
13.0	15.0	0.4855545461177826
14.0	15.0	0.49364277720451355
15.0	15.0	0.4963388442993164
16.0	15.0	0.5034466981887817
17.0	15.0	0.0
18.0	15.0	0.5129480957984924
19.0	15.0	0.4957911968231201
20.0	15.0	0.47691866755485535
21.0	15.0	0.4627029597759247
22.0	15.0	0.43574219942092896
23.0	15.0	0.5310853123664856
24.0	15.0	0.6413794159889221
25.0	15.0	0.6656441688537598
26.0	15.0	0.4653990566730499
27.0	15.0	0.4528990387916565
28.0	15.0	0.4744676649570465
29.0	15.0	0.4955461025238037
30.0	15.0	0.5058402419090271
31.0	15.0	0.5070657134056091
32.0	15.0	0.520791232585907
33.0	15.0	0.5340265035629272
34.0	15.0	0.0
35.0	15.0	0.5036630630493164
36.0	15.0	0.4725356101989746
37.0	15.0	0.45488855242729187
38.0	15.0	0.41738855838775635
39.0	15.0	0.3928787410259247
40.0	15.0	0.38601601123809814
41.0	15.0	0.3938591480255127
42.0	15.0	0.4208199381828308
43.0	15.0	0.4561140537261963
44.0	15.0	0.4833199381828308
45.0	15.0	0.5063591599464417
46.0	15.0	0.5124865770339966
47.0	15.0	0.5218003392219543
48.0	15.0	0.5330748558044434
49.0	15.0	0.5803787708282471
50.0	15.0	0.75341796875
51.0	15.0	0.0
52.0	15.0	0.5169941186904907
53.0	15.0	0.5042489767074585
54.0	15.0	0.49714115262031555
55.0	15.0	0.4883176386356354
56.0	15.0	0.4638078212738037
57.0	15.0	0.44101372361183167
58.0	15.0	0.42508232593536377
59.0	15.0	0.4427293837070465
60.0	15.0	0.6250823140144348
61.0	15.0	0.6375823616981506
62.0	15.0	0.48169997334480286
63.0	15.0	0.4361117482185364
64.0	15.0	0.4530235230922699
65.0	15.0	0.4731215536594391
66.0	15.0	0.4804745018482208
67.0	15.0	0.49787646532058716
1.0	16.0	0.6480545401573181
2.0	16.0	0.6407015919685364
3.0	16.0	0.630407452583313
4.0	16.0	0.5274662971496582
5.0	16.0	0.5088388323783875
6.0	16.0	0.48898589611053467
7.0	16.0	0.46178001165390015
8.0	16.0	0.4242800176143646
9.0	16.0	0.5419270992279053
10.0	16.0	0.49388787150382996
11.0	16.0	0.4286917746067047
12.0	16.0	0.4603094458580017
13.0	16.0	0.48285844922065735
14.0	16.0	0.5012407898902893
15.0	16.0	0.5201133489608765
16.0	16.0	0.6924172639846802
17.0	16.0	0.0
18.0	16.0	0.5092716217041016
19.0	16.0	0.4938304126262665
20.0	16.0	0.46147748827934265
21.0	16.0	0.4386833608150482
22.0	16.0	0.6090264916419983
23.0	16.0	0.6396637558937073
24.0	16.0	0.4796147346496582
25.0	16.0	0.4997127652168274
26.0	16.0	0.5136833786964417
27.0	16.0	0.5408892631530762
28.0	16.0	0.6533892750740051
29.0	16.0	0.6555951237678528
30.0	16.0	0.6580461263656616
31.0	16.0	0.6744676828384399
32.0	16.0	0.6693206429481506
33.0	16.0	0.6578010320663452
34.0	16.0	0.0
35.0	16.0	0.5311140418052673
36.0	16.0	0.5075846314430237
37.0	16.0	0.4918983578681946
38.0	16.0	0.4605258107185364
39.0	16.0	0.4053787589073181
40.0	16.0	0.6387121081352234
41.0	16.0	0.41812384128570557
42.0	16.0	0.46959444880485535
43.0	16.0	0.5024375915527344
44.0	16.0	0.5264571905136108
45.0	16.0	0.5703297257423401
46.0	16.0	0.71028071641922
47.0	16.0	0.700231671333313
48.0	16.0	0.7352806925773621
49.0	16.0	0.7267022728919983
50.0	16.0	0.5869963765144348
51.0	16.0	0.0
52.0	16.0	0.5870921611785889
53.0	16.0	0.5089058876037598
54.0	16.0	0.49223920702934265
55.0	16.0	0.47655293345451355
56.0	16.0	0.4468960762023926
57.0	16.0	0.4160137176513672
58.0	16.0	0.5353764295578003
59.0	16.0	0.6142980456352234
60.0	16.0	0.47042548656463623
61.0	16.0	0.4728764593601227
62.0	16.0	0.49125880002975464
63.0	16.0	0.5937097668647766
64.0	16.0	0.634641170501709
65.0	16.0	0.6503274440765381
66.0	16.0	0.6476313471794128
67.0	16.0	0.6613568663597107
1.0	17.0	0.5583486557006836
2.0	17.0	0.5610447525978088
3.0	17.0	0.5921722054481506
4.0	17.0	0.6421721577644348
5.0	17.0	0.6308977007865906
6.0	17.0	0.6220741271972656
7.0	17.0	0.598544716835022
8.0	17.0	0.5826133489608765
9.0	17.0	0.5588388442993164
10.0	17.0	0.5843290686607361
11.0	17.0	0.47231924533843994
12.0	17.0	0.45638787746429443
13.0	17.0	0.5458486676216125
14.0	17.0	0.6257506012916565
15.0	17.0	0.684819221496582
16.0	17.0	0.6171721816062927
17.0	17.0	0.0
18.0	17.0	0.5386833548545837
19.0	17.0	0.4754480719566345
20.0	17.0	0.5318205952644348
21.0	17.0	0.59260493516922
22.0	17.0	0.5930951237678528
23.0	17.0	0.6078010201454163
24.0	17.0	0.6166245341300964
25.0	17.0	0.6266735792160034
26.0	17.0	0.6389284729957581
27.0	17.0	0.6401539444923401
28.0	17.0	0.5715265274047852
29.0	17.0	0.5747127532958984
30.0	17.0	0.5734872817993164
31.0	17.0	0.5693206191062927
32.0	17.0	0.5700559020042419
33.0	17.0	0.5688304305076599
34.0	17.0	0.0
35.0	17.0	0.6514571905136108
36.0	17.0	0.6455748081207275
37.0	17.0	0.6227807402610779
38.0	17.0	0.5882219076156616
39.0	17.0	0.49606502056121826
40.0	17.0	0.5968003273010254
41.0	17.0	0.5093003511428833
42.0	17.0	0.595329761505127
43.0	17.0	0.6362611055374146
44.0	17.0	0.6720454096794128
45.0	17.0	0.6843003034591675
46.0	17.0	0.5637120604515076
47.0	17.0	0.563957154750824
48.0	17.0	0.5573395490646362
49.0	17.0	0.5622414946556091
50.0	17.0	0.5504767894744873
51.0	17.0	0.0
52.0	17.0	0.679003894329071
53.0	17.0	0.6591509580612183
54.0	17.0	0.5780234932899475
55.0	17.0	0.47018036246299744
56.0	17.0	0.45130783319473267
57.0	17.0	0.5687097907066345
58.0	17.0	0.5579254627227783
59.0	17.0	0.5799843072891235
60.0	17.0	0.5858666300773621
61.0	17.0	0.5981215238571167
62.0	17.0	0.615278422832489
63.0	17.0	0.575327455997467
64.0	17.0	0.5537588000297546
65.0	17.0	0.5611117482185364
66.0	17.0	0.5483666658401489
67.0	17.0	0.5517980456352234
1.0	18.0	0.0
2.0	18.0	0.0
3.0	18.0	0.0
4.0	18.0	0.0
5.0	18.0	0.0
6.0	18.0	0.0
7.0	18.0	0.0
8.0	18.0	0.0
9.0	18.0	0.0
10.0	18.0	0.0
11.0	18.0	0.0
12.0	18.0	0.0
13.0	18.0	0.0
14.0	18.0	0.0
15.0	18.0	0.0
16.0	18.0	0.0
17.0	18.0	0.0
18.0	18.0	0.0
19.0	18.0	0.0
20.0	18.0	0.0
21.0	18.0	0.0
22.0	18.0	0.0
23.0	18.0	0.0
24.0	18.0	0.0
25.0	18.0	0.0
26.0	18.0	0.0
27.0	18.0	0.0
28.0	18.0	0.0
29.0	18.0	0.0
30.0	18.0	0.0
31.0	18.0	0.0
32.0	18.0	0.0
33.0	18.0	0.0
34.0	18.0	0.0
35.0	18.0	0.0
36.0	18.0	0.0
37.0	18.0	0.0
38.0	18.0	0.0
39.0	18.0	0.0
40.0	18.0	0.0
41.0	18.0	0.0
42.0	18.0	0.0
43.0	18.0	0.0
44.0	18.0	0.0
45.0	18.0	0.0
46.0	18.0	0.0
47.0	18.0	0.0
48.0	18.0	0.0
49.0	18.0	0.0
50.0	18.0	0.0
51.0	18.0	0.0
52.0	18.0	0.0
53.0	18.0	0.0
54.0	18.0	0.0
55.0	18.0	0.0
56.0	18.0	0.0
57.0	18.0	0.0
58.0	18.0	0.0
59.0	18.0	0.0
60.0	18.0	0.0
61.0	18.0	0.0
62.0	18.0	0.0
63.0	18.0	0.0
64.0	18.0	0.0
65.0	18.0	0.0
66.0	18.0	0.0
67.0	18.0	0.0
1.0	19.0	0.44127604365348816
2.0	19.0	0.45524662733078003
3.0	19.0	0.473628968000412
4.0	19.0	0.46750152111053467
5.0	19.0	0.4753446578979492
6.0	19.0	0.4797564446926117
7.0	19.0	0.5008348822593689
8.0	19.0	0.475589781999588
9.0	19.0	0.4902956485748291
10.0	19.0	0.4951976239681244
11.0	19.0	0.5192171931266785
12.0	19.0	0.5003446936607361
13.0	19.0	0.4861289858818054
14.0	19.0	0.49911919236183167
15.0	19.0	0.505246639251709
16.0	19.0	0.48808977007865906
17.0	19.0	0.0
18.0	19.0	0.5534849762916565
19.0	19.0	0.5390241742134094
20.0	19.0	0.531426191329956
21.0	19.0	0.5137791037559509
22.0	19.0	0.5007889270782471
23.0	19.0	0.5039752125740051
24.0	19.0	0.5002987384796143
25.0	19.0	0.496622234582901
26.0	19.0	0.48461243510246277
27.0	19.0	0.45323988795280457
28.0	19.0	0.43216145038604736
29.0	19.0	0.4243183135986328
30.0	19.0	0.42725950479507446
31.0	19.0	0.4088771343231201
32.0	19.0	0.5679457783699036
33.0	19.0	0.6713771224021912
34.0	19.0	0.0
35.0	19.0	0.4756874144077301
36.0	19.0	0.44627565145492554
37.0	19.0	0.4300991892814636
38.0	19.0	0.42103055119514465
39.0	19.0	0.4185795783996582
40.0	19.0	0.6315698027610779
41.0	19.0	0.6340207457542419
42.0	19.0	0.5538737177848816
43.0	19.0	0.42813840508461
44.0	19.0	0.44161880016326904
45.0	19.0	0.4482364356517792
46.0	19.0	0.4550991952419281
47.0	19.0	0.4565697908401489
48.0	19.0	0.4695599675178528
49.0	19.0	0.46784427762031555
50.0	19.0	0.47348153591156006
51.0	19.0	0.0
52.0	19.0	0.46161535382270813
53.0	19.0	0.4770565330982208
54.0	19.0	0.4812231957912445
55.0	19.0	0.4966643750667572
56.0	19.0	0.4748506546020508
57.0	19.0	0.651811420917511
58.0	19.0	0.6667624115943909
59.0	19.0	0.598625123500824
60.0	19.0	0.5182330012321472
61.0	19.0	0.506223201751709
62.0	19.0	0.506223201751709
63.0	19.0	0.5098996758460999
64.0	19.0	0.5263212323188782
65.0	19.0	0.5143114328384399
66.0	19.0	0.5233800411224365
67.0	19.0	0.525585949420929
1.0	20.0	0.4388250708580017
2.0	20.0	0.452060341835022
3.0	20.0	0.45181524753570557
4.0	20.0	0.4601486027240753
5.0	20.0	0.45647212862968445
6.0	20.0	0.4748544692993164
7.0	20.0	0.47681525349617004
8.0	20.0	0.4809819161891937
9.0	20.0	0.48784467577934265
10.0	20.0	0.4944623112678528
11.0	20.0	0.4839231073856354
12.0	20.0	0.5023054480552673
13.0	20.0	0.4954427182674408
14.0	20.0	0.5003446936607361
15.0	20.0	0.506472110748291
16.0	20.0	0.4905407428741455
17.0	20.0	0.0
18.0	20.0	0.5422104597091675
19.0	20.0	0.5211320519447327
20.0	20.0	0.5279948115348816
21.0	20.0	0.5135340094566345
22.0	20.0	0.49466145038604736
23.0	20.0	0.5061810612678528
24.0	20.0	0.49417126178741455
25.0	20.0	0.4809359610080719
26.0	20.0	0.4559359550476074
27.0	20.0	0.4355928301811218
28.0	20.0	0.41083791851997375
29.0	20.0	0.43044576048851013
30.0	20.0	0.4169653654098511
31.0	20.0	0.3983379304409027
32.0	20.0	0.50569087266922
33.0	20.0	0.5816712379455566
34.0	20.0	0.0
35.0	20.0	0.450687438249588
36.0	20.0	0.45338350534439087
37.0	20.0	0.4345109462738037
38.0	20.0	0.42593252658843994
39.0	20.0	0.417844295501709
40.0	20.0	0.6303442716598511
41.0	20.0	0.6475011706352234
42.0	20.0	0.42103055119514465
43.0	20.0	0.4335305690765381
44.0	20.0	0.44186389446258545
45.0	20.0	0.44186389446258545
46.0	20.0	0.4612266421318054
47.0	20.0	0.47838351130485535
48.0	20.0	0.4864717423915863
49.0	20.0	0.48255017399787903
50.0	20.0	0.4820599853992462
51.0	20.0	0.0
52.0	20.0	0.4608800411224365
53.0	20.0	0.4584290683269501
54.0	20.0	0.464311420917511
55.0	20.0	0.4763212203979492
56.0	20.0	0.592497706413269
57.0	20.0	0.6721545457839966
58.0	20.0	0.6290172934532166
59.0	20.0	0.4856349527835846
60.0	20.0	0.5072035789489746
61.0	20.0	0.49985063076019287
62.0	20.0	0.49298790097236633
63.0	20.0	0.5015663504600525
64.0	20.0	0.49445849657058716
65.0	20.0	0.5027918219566345
66.0	20.0	0.4915173053741455
67.0	20.0	0.4956839680671692
1.0	21.0	0.4285309314727783
2.0	21.0	0.4317172169685364
3.0	21.0	0.45009955763816833
4.0	21.0	0.45671722292900085
5.0	21.0	0.4542662501335144
6.0	21.0	0.4684819281101227
7.0	21.0	0.47681525349617004
8.0	21.0	0.485883891582489
9.0	21.0	0.48343291878700256
10.0	21.0	0.4959329068660736
11.0	21.0	0.49348193407058716
12.0	21.0	0.497158408164978
13.0	21.0	0.5045113563537598
14.0	21.0	0.507697582244873
15.0	21.0	0.5184819102287292
16.0	21.0	0.5015701651573181
17.0	21.0	0.0
18.0	21.0	0.5226026177406311
19.0	21.0	0.5226026177406311
20.0	21.0	0.5177006721496582
21.0	21.0	0.5096124410629272
22.0	21.0	0.5044654011726379
23.0	21.0	0.4909849762916565
24.0	21.0	0.47284772992134094
25.0	21.0	0.45863205194473267
26.0	21.0	0.4542202949523926
27.0	21.0	0.4284849762916565
28.0	21.0	0.42064183950424194
29.0	21.0	0.41475948691368103
30.0	21.0	0.4091222286224365
31.0	21.0	0.40642616152763367
32.0	21.0	0.40152421593666077
33.0	21.0	0.39515164494514465
34.0	21.0	0.0
35.0	21.0	0.46220701932907104
36.0	21.0	0.4595109522342682
37.0	21.0	0.4391678273677826
38.0	21.0	0.4136776328086853
39.0	21.0	0.4077952802181244
40.0	21.0	0.6337756514549255
41.0	21.0	0.6428442597389221
42.0	21.0	0.43647173047065735
43.0	21.0	0.42568743228912354
44.0	21.0	0.44161880016326904
45.0	21.0	0.45804035663604736
46.0	21.0	0.47421684861183167
47.0	21.0	0.48892271518707275
48.0	21.0	0.4911285936832428
49.0	21.0	0.5016677975654602
50.0	21.0	0.500932514667511
51.0	21.0	0.0
52.0	21.0	0.45254671573638916
53.0	21.0	0.4454388916492462
54.0	21.0	0.46357613801956177
55.0	21.0	0.4768114387989044
56.0	21.0	0.6552428007125854
57.0	21.0	0.6442133784294128
58.0	21.0	0.4912722110748291
59.0	21.0	0.4961741864681244
60.0	21.0	0.5145565271377563
61.0	21.0	0.4969094693660736
62.0	21.0	0.5076937675476074
63.0	21.0	0.5072035789489746
64.0	21.0	0.5015663504600525
65.0	21.0	0.504262387752533
66.0	21.0	0.49470359086990356
67.0	21.0	0.49421340227127075
1.0	22.0	0.41946232318878174
2.0	22.0	0.4388250708580017
3.0	22.0	0.44103094935417175
4.0	22.0	0.46701133251190186
5.0	22.0	0.46701133251190186
6.0	22.0	0.4750995635986328
7.0	22.0	0.46725642681121826
8.0	22.0	0.4731387794017792
9.0	22.0	0.4915211498737335
10.0	22.0	0.4956878125667572
11.0	22.0	0.5069622993469238
12.0	22.0	0.5035309195518494
13.0	22.0	0.5184819102287292
14.0	22.0	0.5635799765586853
15.0	22.0	0.6885799765586853
16.0	22.0	0.6755897402763367
17.0	22.0	0.0
18.0	22.0	0.537553608417511
19.0	22.0	0.5265241861343384
20.0	22.0	0.5257889032363892
21.0	22.0	0.5091222524642944
22.0	22.0	0.4917202889919281
23.0	22.0	0.48828890919685364
24.0	22.0	0.4752987027168274
25.0	22.0	0.4603477418422699
26.0	22.0	0.44760262966156006
27.0	22.0	0.4245634078979492
28.0	22.0	0.4074065685272217
29.0	22.0	0.40544578433036804
30.0	22.0	0.39588695764541626
31.0	22.0	0.39098498225212097
32.0	22.0	0.40569087862968445
33.0	22.0	0.4199065566062927
34.0	22.0	0.0
35.0	22.0	0.4749521315097809
36.0	22.0	0.4565697908401489
37.0	22.0	0.44161880016326904
38.0	22.0	0.4300991892814636
39.0	22.0	0.4014227092266083
40.0	22.0	0.6100011467933655
41.0	22.0	0.6286286115646362
42.0	22.0	0.4296090006828308
43.0	22.0	0.43745213747024536
44.0	22.0	0.4614717364311218
45.0	22.0	0.47250115871429443
46.0	22.0	0.4805893898010254
47.0	22.0	0.4869619309902191
48.0	22.0	0.5036286115646362
49.0	22.0	0.49995213747024536
50.0	22.0	0.510981559753418
51.0	22.0	0.0
52.0	22.0	0.44641926884651184
53.0	22.0	0.44715455174446106
54.0	22.0	0.46186044812202454
55.0	22.0	0.6422526240348816
56.0	22.0	0.6307330131530762
57.0	22.0	0.4905369281768799
58.0	22.0	0.4922526180744171
59.0	22.0	0.49445849657058716
60.0	22.0	0.4912722110748291
61.0	22.0	0.49445849657058716
62.0	22.0	0.5005859136581421
63.0	22.0	0.5040172934532166
64.0	22.0	0.49887025356292725
65.0	22.0	0.49788984656333923
66.0	22.0	0.4863702654838562
67.0	22.0	0.48220357298851013
1.0	23.0	0.42044270038604736
2.0	23.0	0.43024662137031555
3.0	23.0	0.44642311334609985
4.0	23.0	0.4496093690395355
5.0	23.0	0.46578583121299744
6.0	23.0	0.46652114391326904
7.0	23.0	0.4648054540157318
8.0	23.0	0.48269760608673096
9.0	23.0	0.4917662441730499
10.0	23.0	0.5035309195518494
11.0	23.0	0.5282858610153198
12.0	23.0	0.6802466511726379
13.0	23.0	0.6971583962440491
14.0	23.0	0.6964231133460999
15.0	23.0	0.5175015330314636
16.0	23.0	0.505246639251709
17.0	23.0	0.0
18.0	23.0	0.5351026058197021
19.0	23.0	0.5306908488273621
20.0	23.0	0.5191712379455566
21.0	23.0	0.5113281011581421
22.0	23.0	0.4909849762916565
23.0	23.0	0.4757889211177826
24.0	23.0	0.4591222405433655
25.0	23.0	0.4279947876930237
26.0	23.0	0.41524970531463623
27.0	23.0	0.3980928361415863
28.0	23.0	0.3877987265586853
29.0	23.0	0.40005362033843994
30.0	23.0	0.4174555838108063
31.0	23.0	0.4331418573856354
32.0	23.0	0.45348498225212097
33.0	23.0	0.4659850001335144
34.0	23.0	0.0
35.0	23.0	0.48402076959609985
36.0	23.0	0.4663737118244171
37.0	23.0	0.4548541009426117
38.0	23.0	0.43156978487968445
39.0	23.0	0.4185795783996582
40.0	23.0	0.6374521255493164
41.0	23.0	0.5874521136283875
42.0	23.0	0.42544233798980713
43.0	23.0	0.4494619369506836
44.0	23.0	0.46735408902168274
45.0	23.0	0.47887369990348816
46.0	23.0	0.4864717423915863
47.0	23.0	0.5016677975654602
48.0	23.0	0.5092658400535583
49.0	23.0	0.5104913711547852
50.0	23.0	0.5126972198486328
51.0	23.0	0.0
52.0	23.0	0.44176241755485535
53.0	23.0	0.4429878890514374
54.0	23.0	0.64372318983078
55.0	23.0	0.6371055245399475
56.0	23.0	0.47803691029548645
57.0	23.0	0.48367416858673096
58.0	23.0	0.48784083127975464
59.0	23.0	0.48342907428741455
60.0	23.0	0.4755859375
61.0	23.0	0.4799976944923401
62.0	23.0	0.4853898584842682
63.0	23.0	0.4905369281768799
64.0	23.0	0.4824486970901489
65.0	23.0	0.47803691029548645
66.0	23.0	0.47338005900382996
67.0	23.0	0.4701937735080719
1.0	24.0	0.40328583121299744
2.0	24.0	0.41529566049575806
3.0	24.0	0.44005054235458374
4.0	24.0	0.4491191804409027
5.0	24.0	0.4601486027240753
6.0	24.0	0.4701976180076599
7.0	24.0	0.4807368218898773
8.0	24.0	0.4893152713775635
9.0	24.0	0.6760799884796143
10.0	24.0	0.6785309314727783
11.0	24.0	0.679511308670044
12.0	24.0	0.5444623231887817
13.0	24.0	0.5125995874404907
14.0	24.0	0.5125995874404907
15.0	24.0	0.5094133019447327
16.0	24.0	0.5050015449523926
17.0	24.0	0.0
18.0	24.0	0.5358379483222961
19.0	24.0	0.5331418514251709
20.0	24.0	0.5213771462440491
21.0	24.0	0.5110830068588257
22.0	24.0	0.4914751946926117
23.0	24.0	0.4667202830314636
24.0	24.0	0.44539675116539
25.0	24.0	0.4071614444255829
26.0	24.0	0.6277496814727783
27.0	24.0	0.3929457664489746
28.0	24.0	0.4140242040157318
29.0	24.0	0.43706342577934265
30.0	24.0	0.46794578433036804
31.0	24.0	0.48926931619644165
32.0	24.0	0.4961320459842682
33.0	24.0	0.508877158164978
34.0	24.0	0.0
35.0	24.0	0.48892271518707275
36.0	24.0	0.4769129157066345
37.0	24.0	0.46318742632865906
38.0	24.0	0.44603055715560913
39.0	24.0	0.4198050796985626
40.0	24.0	0.6357364654541016
41.0	24.0	0.4237266480922699
42.0	24.0	0.43696191906929016
43.0	24.0	0.4607364535331726
44.0	24.0	0.47862860560417175
45.0	24.0	0.49480506777763367
46.0	24.0	0.5087756514549255
47.0	24.0	0.5124521255493164
48.0	24.0	0.5188246965408325
49.0	24.0	0.522256076335907
50.0	24.0	0.5376972556114197
51.0	24.0	0.0
52.0	24.0	0.4329388737678528
53.0	24.0	0.6410270929336548
54.0	24.0	0.6525467038154602
55.0	24.0	0.47730162739753723
56.0	24.0	0.4802427887916565
57.0	24.0	0.48318397998809814
58.0	24.0	0.4819584786891937
59.0	24.0	0.4799976944923401
60.0	24.0	0.46896830201148987
61.0	24.0	0.4812231957912445
62.0	24.0	0.49445849657058716
63.0	24.0	0.486860454082489
64.0	24.0	0.4753408432006836
65.0	24.0	0.46210554242134094
66.0	24.0	0.4697035849094391
67.0	24.0	0.4701937735080719
1.0	25.0	0.38759955763816833
2.0	25.0	0.41480544209480286
3.0	25.0	0.4378446638584137
4.0	25.0	0.4532858431339264
5.0	25.0	0.4694623053073883
6.0	25.0	0.6393152475357056
7.0	25.0	0.6868642568588257
8.0	25.0	0.6871093511581421
9.0	25.0	0.5981388092041016
10.0	25.0	0.5297564268112183
11.0	25.0	0.514560341835022
12.0	25.0	0.5138250589370728
13.0	25.0	0.5175015330314636
14.0	25.0	0.5074524879455566
15.0	25.0	0.5079427361488342
16.0	25.0	0.5187270045280457
17.0	25.0	0.0
18.0	25.0	0.7135339975357056
19.0	25.0	0.5444163680076599
20.0	25.0	0.5233379006385803
21.0	25.0	0.5123085379600525
22.0	25.0	0.4961320459842682
23.0	25.0	0.4596124291419983
24.0	25.0	0.4458869397640228
25.0	25.0	0.6387791037559509
26.0	25.0	0.6326516270637512
27.0	25.0	0.4703967571258545
28.0	25.0	0.497602641582489
29.0	25.0	0.5186810493469238
30.0	25.0	0.5463771224021912
31.0	25.0	0.6505438089370728
32.0	25.0	0.6892693042755127
33.0	25.0	0.6647595167160034
34.0	25.0	0.0
35.0	25.0	0.5146580338478088
36.0	25.0	0.49848154187202454
37.0	25.0	0.48426586389541626
38.0	25.0	0.46294233202934265
39.0	25.0	0.43156978487968445
40.0	25.0	0.6019129157066345
41.0	25.0	0.4242168366909027
42.0	25.0	0.46220701932907104
43.0	25.0	0.4872070252895355
44.0	25.0	0.4975011348724365
45.0	25.0	0.5171089768409729
46.0	25.0	0.5832854509353638
47.0	25.0	0.6663736701011658
48.0	25.0	0.6830403804779053
49.0	25.0	0.7011775970458984
50.0	25.0	0.6925991773605347
51.0	25.0	0.0
52.0	25.0	0.44102710485458374
53.0	25.0	0.6500957608222961
54.0	25.0	0.49298790097236633
55.0	25.0	0.4866153597831726
56.0	25.0	0.47338005900382996
57.0	25.0	0.47239965200424194
58.0	25.0	0.4716643691062927
59.0	25.0	0.46896830201148987
60.0	25.0	0.47313496470451355
61.0	25.0	0.4748506546020508
62.0	25.0	0.4694584906101227
63.0	25.0	0.4660271108150482
64.0	25.0	0.4594094753265381
65.0	25.0	0.4657820165157318
66.0	25.0	0.4603898525238037
67.0	25.0	0.44641926884651184
1.0	26.0	0.3640701472759247
2.0	26.0	0.400834858417511
3.0	26.0	0.4640701711177826
4.0	26.0	0.5550015568733215
5.0	26.0	0.6295113563537598
6.0	26.0	0.5954427123069763
7.0	26.0	0.5015701651573181
8.0	26.0	0.504021167755127
9.0	26.0	0.4959329068660736
10.0	26.0	0.5003446936607361
11.0	26.0	0.497158408164978
12.0	26.0	0.5000995993614197
13.0	26.0	0.49348193407058716
14.0	26.0	0.4959329068660736
15.0	26.0	0.4917662441730499
16.0	26.0	0.4998544752597809
17.0	26.0	0.0
18.0	26.0	0.593926191329956
19.0	26.0	0.7007889151573181
20.0	26.0	0.6630437970161438
21.0	26.0	0.6221124529838562
22.0	26.0	0.539514422416687
23.0	26.0	0.45323988795280457
24.0	26.0	0.5726026296615601
25.0	26.0	0.5836320519447327
26.0	26.0	0.5983379483222961
27.0	26.0	0.602014422416687
28.0	26.0	0.6199065446853638
29.0	26.0	0.653239905834198
30.0	26.0	0.6439261436462402
31.0	26.0	0.5718673467636108
32.0	26.0	0.5701516270637512
33.0	26.0	0.5723575353622437
34.0	26.0	0.0
35.0	26.0	0.625932514667511
36.0	26.0	0.5989717245101929
37.0	26.0	0.5661286115646362
38.0	26.0	0.5274031162261963
39.0	26.0	0.45853057503700256
40.0	26.0	0.5943148732185364
41.0	26.0	0.48867762088775635
42.0	26.0	0.5433344841003418
43.0	26.0	0.5764226913452148
44.0	26.0	0.5999521017074585
45.0	26.0	0.6335305571556091
46.0	26.0	0.5918638706207275
47.0	26.0	0.546030580997467
48.0	26.0	0.5511776208877563
49.0	26.0	0.546030580997467
50.0	26.0	0.5506874322891235
51.0	26.0	0.0
52.0	26.0	0.6123506426811218
53.0	26.0	0.4638212323188782
54.0	26.0	0.47362515330314636
55.0	26.0	0.46774280071258545
56.0	26.0	0.4697035849094391
57.0	26.0	0.4716643691062927
58.0	26.0	0.4694584906101227
59.0	26.0	0.4687231779098511
60.0	26.0	0.46651729941368103
61.0	26.0	0.4706839621067047
62.0	26.0	0.4559780955314636
63.0	26.0	0.4589192569255829
64.0	26.0	0.46186044812202454
65.0	26.0	0.46774280071258545
66.0	26.0	0.4486251473426819
67.0	26.0	0.4559780955314636
1.0	27.0	0.0
2.0	27.0	0.0
3.0	27.0	0.0
4.0	27.0	0.0
5.0	27.0	0.0
6.0	27.0	0.0
7.0	27.0	0.0
8.0	27.0	0.0
9.0	27.0	0.0
10.0	27.0	0.0
11.0	27.0	0.0
12.0	27.0	0.0
13.0	27.0	0.0
14.0	27.0	0.0
15.0	27.0	0.0
16.0	27.0	0.0
17.0	27.0	0.0
18.0	27.0	0.0
19.0	27.0	0.0
20.0	27.0	0.0
21.0	27.0	0.0
22.0	27.0	0.0
23.0	27.0	0.0
24.0	27.0	0.0
25.0	27.0	0.0
26.0	27.0	0.0
27.0	27.0	0.0
28.0	27.0	0.0
29.0	27.0	0.0
30.0	27.0	0.0
31.0	27.0	0.0
32.0	27.0	0.0
33.0	27.0	0.0
34.0	27.0	0.0
35.0	27.0	0.0
36.0	27.0	0.0
37.0	27.0	0.0
38.0	27.0	0.0
39.0	27.0	0.0
40.0	27.0	0.0
41.0	27.0	0.0
42.0	27.0	0.0
43.0	27.0	0.0
44.0	27.0	0.0
45.0	27.0	0.0
46.0	27.0	0.0
47.0	27.0	0.0
48.0	27.0	0.0
49.0	27.0	0.0
50.0	27.0	0.0
51.0	27.0	0.0
52.0	27.0	0.0
53.0	27.0	0.0
54.0	27.0	0.0
55.0	27.0	0.0
56.0	27.0	0.0
57.0	27.0	0.0
58.0	27.0	0.0
59.0	27.0	0.0
60.0	27.0	0.0
61.0	27.0	0.0
62.0	27.0	0.0
63.0	27.0	0.0
64.0	27.0	0.0
65.0	27.0	0.0
66.0	27.0	0.0
67.0	27.0	0.0
1.0	28.0	0.5367915034294128
2.0	28.0	0.5419385433197021
3.0	28.0	0.5338503122329712
4.0	28.0	0.5409581661224365
5.0	28.0	0.5306640863418579
6.0	28.0	0.515713095664978
7.0	28.0	0.4863013029098511
8.0	28.0	0.49487975239753723
9.0	28.0	0.48115426301956177
10.0	28.0	0.4728209376335144
11.0	28.0	0.45541897416114807
12.0	28.0	0.4617915153503418
13.0	28.0	0.4313993453979492
14.0	28.0	0.440958172082901
15.0	28.0	0.4245366156101227
16.0	28.0	0.38654640316963196
17.0	28.0	0.0
18.0	28.0	0.5265471935272217
19.0	28.0	0.544929563999176
20.0	28.0	0.5272824764251709
21.0	28.0	0.5282628536224365
22.0	28.0	0.5189491510391235
23.0	28.0	0.5174785256385803
24.0	28.0	0.4946844279766083
25.0	28.0	0.5147824883460999
26.0	28.0	0.5059589743614197
27.0	28.0	0.48757660388946533
28.0	28.0	0.4897824823856354
29.0	28.0	0.4699295461177826
30.0	28.0	0.4608609080314636
31.0	28.0	0.45644915103912354
32.0	28.0	0.45571383833885193
33.0	28.0	0.4454197287559509
34.0	28.0	0.0
35.0	28.0	0.5201995372772217
36.0	28.0	0.5167681574821472
37.0	28.0	0.5307387113571167
38.0	28.0	0.5094152092933655
39.0	28.0	0.49299365282058716
40.0	28.0	0.4851505160331726
41.0	28.0	0.484415203332901
42.0	28.0	0.4795132577419281
43.0	28.0	0.48147404193878174
44.0	28.0	0.4640720784664154
45.0	28.0	0.47167012095451355
46.0	28.0	0.46529754996299744
47.0	28.0	0.4471603035926819
48.0	28.0	0.43392500281333923
49.0	28.0	0.4005916714668274
50.0	28.0	0.40892502665519714
51.0	28.0	0.0
52.0	28.0	0.42398515343666077
53.0	28.0	0.42300474643707275
54.0	28.0	0.4404067099094391
55.0	28.0	0.4614851474761963
56.0	28.0	0.48084789514541626
57.0	28.0	0.4734949469566345
58.0	28.0	0.48452436923980713
59.0	28.0	0.4945733845233917
60.0	28.0	0.4977596402168274
61.0	28.0	0.5009459257125854
62.0	28.0	0.49481847882270813
63.0	28.0	0.5158969163894653
64.0	28.0	0.5154067277908325
65.0	28.0	0.5269263386726379
66.0	28.0	0.5173674821853638
67.0	28.0	0.5149165391921997
1.0	29.0	0.5343405604362488
2.0	29.0	0.5289483666419983
3.0	29.0	0.5162032842636108
4.0	29.0	0.5407130718231201
5.0	29.0	0.5002719163894653
6.0	29.0	0.5071346759796143
7.0	29.0	0.4892424941062927
8.0	29.0	0.48041895031929016
9.0	29.0	0.4671836793422699
10.0	29.0	0.45983073115348816
11.0	29.0	0.44463464617729187
12.0	29.0	0.43336012959480286
13.0	29.0	0.41718366742134094
14.0	29.0	0.4162032902240753
15.0	29.0	0.39659544825553894
16.0	29.0	0.42796799540519714
17.0	29.0	0.0
18.0	29.0	0.5177236795425415
19.0	29.0	0.5145373940467834
20.0	29.0	0.5265471935272217
21.0	29.0	0.5263020992279053
22.0	29.0	0.5118412971496582
23.0	29.0	0.5108609199523926
24.0	29.0	0.5084099173545837
25.0	29.0	0.48340994119644165
26.0	29.0	0.49443933367729187
27.0	29.0	0.4946844279766083
28.0	29.0	0.48218443989753723
29.0	29.0	0.46306678652763367
30.0	29.0	0.45620405673980713
31.0	29.0	0.4584099352359772
32.0	29.0	0.43586090207099915
33.0	29.0	0.4128216803073883
34.0	29.0	0.0
35.0	29.0	0.51725834608078
36.0	29.0	0.5145622491836548
37.0	29.0	0.505983829498291
38.0	29.0	0.504758358001709
39.0	29.0	0.4993661940097809
40.0	29.0	0.48784658312797546
41.0	29.0	0.48147404193878174
42.0	29.0	0.46603286266326904
43.0	29.0	0.47093480825424194
44.0	29.0	0.47068971395492554
45.0	29.0	0.4537779688835144
46.0	29.0	0.44568970799446106
47.0	29.0	0.4280426502227783
48.0	29.0	0.4177485406398773
49.0	29.0	0.5143171548843384
50.0	29.0	0.6243661642074585
51.0	29.0	0.0
52.0	29.0	0.4038870930671692
53.0	29.0	0.42275965213775635
54.0	29.0	0.43795573711395264
55.0	29.0	0.45829886198043823
56.0	29.0	0.4507008194923401
57.0	29.0	0.4573184847831726
58.0	29.0	0.47913220524787903
59.0	29.0	0.4874655306339264
60.0	29.0	0.5036420226097107
61.0	29.0	0.5154067277908325
62.0	29.0	0.506828248500824
63.0	29.0	0.5158969163894653
64.0	29.0	0.518838107585907
65.0	29.0	0.5176125764846802
66.0	29.0	0.5291321873664856
67.0	29.0	0.5306028127670288
1.0	30.0	0.5277228951454163
2.0	30.0	0.515713095664978
3.0	30.0	0.5213503241539001
4.0	30.0	0.522575855255127
5.0	30.0	0.5046836733818054
6.0	30.0	0.49536994099617004
7.0	30.0	0.4926738739013672
8.0	30.0	0.4664483666419983
9.0	30.0	0.4615464210510254
10.0	30.0	0.44438955187797546
11.0	30.0	0.43409544229507446
12.0	30.0	0.41154640913009644
13.0	30.0	0.3946346640586853
14.0	30.0	0.3782130777835846
15.0	30.0	0.587526798248291
16.0	30.0	0.6208601593971252
17.0	30.0	0.0
18.0	30.0	0.5319393277168274
19.0	30.0	0.5081648230552673
20.0	30.0	0.5152726769447327
21.0	30.0	0.5125765800476074
22.0	30.0	0.513556957244873
23.0	30.0	0.5071844458580017
24.0	30.0	0.501056969165802
25.0	30.0	0.4851256012916565
26.0	30.0	0.48855698108673096
27.0	30.0	0.48267462849617004
28.0	30.0	0.470174640417099
29.0	30.0	0.4598805010318756
30.0	30.0	0.44738051295280457
31.0	30.0	0.42654716968536377
32.0	30.0	0.41968443989753723
33.0	30.0	0.4130667746067047
34.0	30.0	0.0
35.0	30.0	0.5179936289787292
36.0	30.0	0.5165230631828308
37.0	30.0	0.5013269782066345
38.0	30.0	0.496670126914978
39.0	30.0	0.4900524616241455
40.0	30.0	0.4780426621437073
41.0	30.0	0.4780426621437073
42.0	30.0	0.4684838354587555
43.0	30.0	0.45524853467941284
44.0	30.0	0.4540230631828308
45.0	30.0	0.4474053978919983
46.0	30.0	0.42926815152168274
47.0	30.0	0.4172583520412445
48.0	30.0	0.6027975678443909
49.0	30.0	0.6319642066955566
50.0	30.0	0.6054936647415161
51.0	30.0	0.0
52.0	30.0	0.39040669798851013
53.0	30.0	0.4198184609413147
54.0	30.0	0.4205537736415863
55.0	30.0	0.44261258840560913
56.0	30.0	0.4406518042087555
57.0	30.0	0.4725145399570465
58.0	30.0	0.47472044825553894
59.0	30.0	0.48403415083885193
60.0	30.0	0.5016812086105347
61.0	30.0	0.5031518340110779
62.0	30.0	0.5060929656028748
63.0	30.0	0.5252106189727783
64.0	30.0	0.5166321992874146
65.0	30.0	0.5225145816802979
66.0	30.0	0.538200855255127
67.0	30.0	0.5247204303741455
1.0	31.0	0.5233111381530762
2.0	31.0	0.5367915034294128
3.0	31.0	0.5063993334770203
4.0	31.0	0.5152229070663452
5.0	31.0	0.5130169987678528
6.0	31.0	0.4892424941062927
7.0	31.0	0.47576209902763367
8.0	31.0	0.4627718925476074
9.0	31.0	0.4448797404766083
10.0	31.0	0.42747777700424194
11.0	31.0	0.40737974643707275
12.0	31.0	0.38605621457099915
13.0	31.0	0.5426738858222961
14.0	31.0	0.6188993453979492
15.0	31.0	0.5919385552406311
16.0	31.0	0.3951248526573181
17.0	31.0	0.0
18.0	31.0	0.5064491629600525
19.0	31.0	0.5057138204574585
20.0	31.0	0.5133118629455566
21.0	31.0	0.5172334313392639
22.0	31.0	0.49787071347236633
23.0	31.0	0.5042432546615601
24.0	31.0	0.5005667805671692
25.0	31.0	0.4966452121734619
26.0	31.0	0.4858609139919281
27.0	31.0	0.47826287150382996
28.0	31.0	0.4596354067325592
29.0	31.0	0.4483609199523926
30.0	31.0	0.43659621477127075
31.0	31.0	0.4221354126930237
32.0	31.0	0.3961550295352936
33.0	31.0	0.38340991735458374
34.0	31.0	0.0
35.0	31.0	0.5177485346794128
36.0	31.0	0.503532886505127
37.0	31.0	0.5062289237976074
38.0	31.0	0.4947093427181244
39.0	31.0	0.4785328507423401
40.0	31.0	0.47632697224617004
41.0	31.0	0.4738759994506836
42.0	31.0	0.4584348201751709
43.0	31.0	0.442258358001709
44.0	31.0	0.43931716680526733
45.0	31.0	0.42559167742729187
46.0	31.0	0.5851504802703857
47.0	31.0	0.608434796333313
48.0	31.0	0.6023073792457581
49.0	31.0	0.40917012095451355
50.0	31.0	0.4160328507423401
51.0	31.0	0.0
52.0	31.0	0.3732498586177826
53.0	31.0	0.3953086733818054
54.0	31.0	0.41148513555526733
55.0	31.0	0.4264361262321472
56.0	31.0	0.44383808970451355
57.0	31.0	0.4470243453979492
58.0	31.0	0.4776616096496582
59.0	31.0	0.4867302477359772
60.0	31.0	0.49016159772872925
61.0	31.0	0.5011910200119019
62.0	31.0	0.500700831413269
63.0	31.0	0.5058478713035583
64.0	31.0	0.5134459137916565
65.0	31.0	0.5173674821853638
66.0	31.0	0.5203086733818054
67.0	31.0	0.5127106308937073
1.0	32.0	0.5291934609413147
2.0	32.0	0.5120366215705872
3.0	32.0	0.5117915272712708
4.0	32.0	0.5002719163894653
5.0	32.0	0.49978169798851013
6.0	32.0	0.481889545917511
7.0	32.0	0.46007582545280457
8.0	32.0	0.44463464617729187
9.0	32.0	0.4260072112083435
10.0	32.0	0.39659544825553894
11.0	32.0	0.3845856189727783
12.0	32.0	0.5877718925476074
13.0	32.0	0.6027228832244873
14.0	32.0	0.453213095664978
15.0	32.0	0.4095856249332428
16.0	32.0	0.4201248586177826
17.0	32.0	0.0
18.0	32.0	0.6934589743614197
19.0	32.0	0.5272824764251709
20.0	32.0	0.5184589624404907
21.0	32.0	0.5035079717636108
22.0	32.0	0.5037530660629272
23.0	32.0	0.4949295222759247
24.0	32.0	0.4902726709842682
25.0	32.0	0.48340994119644165
26.0	32.0	0.47703737020492554
27.0	32.0	0.45669424533843994
28.0	32.0	0.44738051295280457
29.0	32.0	0.42507660388946533
30.0	32.0	0.41086089611053467
31.0	32.0	0.3880667984485626
32.0	32.0	0.36208638548851013
33.0	32.0	0.34296876192092896
34.0	32.0	0.0
35.0	32.0	0.5152975916862488
36.0	32.0	0.5074544548988342
37.0	32.0	0.5040230751037598
38.0	32.0	0.4944642186164856
39.0	32.0	0.4746112823486328
40.0	32.0	0.46701323986053467
41.0	32.0	0.4476504921913147
42.0	32.0	0.44005247950553894
43.0	32.0	0.4162779450416565
44.0	32.0	0.597895622253418
45.0	32.0	0.6206897497177124
46.0	32.0	0.59912109375
47.0	32.0	0.4175034463405609
48.0	32.0	0.43564069271087646
49.0	32.0	0.4420132637023926
50.0	32.0	0.4532877504825592
51.0	32.0	0.0
52.0	32.0	0.5607498288154602
53.0	32.0	0.3619753420352936
54.0	32.0	0.39114201068878174
55.0	32.0	0.4058478772640228
56.0	32.0	0.42815181612968445
57.0	32.0	0.44310277700424194
58.0	32.0	0.45927926898002625
59.0	32.0	0.4771714210510254
60.0	32.0	0.4882008135318756
61.0	32.0	0.48550474643707275
62.0	32.0	0.49016159772872925
63.0	32.0	0.5080537796020508
64.0	32.0	0.5038871169090271
65.0	32.0	0.5097694396972656
66.0	32.0	0.7092792391777039
67.0	32.0	0.7122204303741455
1.0	33.0	0.538262128829956
2.0	33.0	0.525026798248291
3.0	33.0	0.5154680013656616
4.0	33.0	0.5041934847831726
5.0	33.0	0.48997777700424194
6.0	33.0	0.47429150342941284
7.0	33.0	0.45002681016921997
8.0	33.0	0.42821308970451355
9.0	33.0	0.40247780084609985
10.0	33.0	0.3627718985080719
11.0	33.0	0.5448797345161438
12.0	33.0	0.544389545917511
13.0	33.0	0.41791895031929016
14.0	33.0	0.4375268220901489
15.0	33.0	0.46399739384651184
16.0	33.0	0.4784581661224365
17.0	33.0	0.0
18.0	33.0	0.6956648230552673
19.0	33.0	0.7255668044090271
20.0	33.0	0.7164981365203857
21.0	33.0	0.5214000940322876
22.0	33.0	0.511106014251709
23.0	33.0	0.5013020634651184
24.0	33.0	0.4853707253932953
25.0	33.0	0.4802236557006836
26.0	33.0	0.4633118808269501
27.0	33.0	0.4434589445590973
28.0	33.0	0.4287530779838562
29.0	33.0	0.4071844220161438
30.0	33.0	0.378017783164978
31.0	33.0	0.5787530541419983
32.0	33.0	0.5682138204574585
33.0	33.0	0.35350796580314636
34.0	33.0	0.0
35.0	33.0	0.5106406807899475
36.0	33.0	0.5030426383018494
37.0	33.0	0.49642500281333923
38.0	33.0	0.4898073673248291
39.0	33.0	0.4753465950489044
40.0	33.0	0.4527975618839264
41.0	33.0	0.4385818839073181
42.0	33.0	0.4113759994506836
43.0	33.0	0.5777975916862488
44.0	33.0	0.6074544191360474
45.0	33.0	0.43000343441963196
46.0	33.0	0.44961127638816833
47.0	33.0	0.4626014828681946
48.0	33.0	0.47755247354507446
49.0	33.0	0.4809838533401489
50.0	33.0	0.48686620593070984
51.0	33.0	0.0
52.0	33.0	0.6097694635391235
53.0	33.0	0.5009459257125854
54.0	33.0	0.361240029335022
55.0	33.0	0.39677926898002625
56.0	33.0	0.4139361083507538
57.0	33.0	0.435014545917511
58.0	33.0	0.4624655246734619
59.0	33.0	0.47055375576019287
60.0	33.0	0.4761910140514374
61.0	33.0	0.48501455783843994
62.0	33.0	0.49481847882270813
63.0	33.0	0.581338107585907
64.0	33.0	0.71565181016922
65.0	33.0	0.7085439562797546
66.0	33.0	0.6877106428146362
67.0	33.0	0.5315831899642944
1.0	34.0	0.735075831413269
2.0	34.0	0.7264974117279053
3.0	34.0	0.5965954065322876
4.0	34.0	0.5188993811607361
5.0	34.0	0.4916934669017792
6.0	34.0	0.4720856249332428
7.0	34.0	0.43948760628700256
8.0	34.0	0.461301326751709
9.0	34.0	0.6059091687202454
10.0	34.0	0.4095856249332428
11.0	34.0	0.45836013555526733
12.0	34.0	0.4823797345161438
13.0	34.0	0.5051738619804382
14.0	34.0	0.6049287915229797
15.0	34.0	0.6235561966896057
16.0	34.0	0.6554189920425415
17.0	34.0	0.0
18.0	34.0	0.5437040328979492
19.0	34.0	0.5527727007865906
20.0	34.0	0.5875765681266785
21.0	34.0	0.7155177593231201
22.0	34.0	0.7125765681266785
23.0	34.0	0.5615962147712708
24.0	34.0	0.5013020634651184
25.0	34.0	0.47189033031463623
26.0	34.0	0.45105698704719543
27.0	34.0	0.4272824823856354
28.0	34.0	0.40032169222831726
29.0	34.0	0.5414981842041016
30.0	34.0	0.5709099173545837
31.0	34.0	0.5780177712440491
32.0	34.0	0.43708640336990356
33.0	34.0	0.449831485748291
34.0	34.0	0.0
35.0	34.0	0.5096603035926819
36.0	34.0	0.4996112883090973
37.0	34.0	0.49250343441963196
38.0	34.0	0.4846602976322174
39.0	34.0	0.4648073613643646
40.0	34.0	0.44029757380485535
41.0	34.0	0.589807391166687
42.0	34.0	0.41480737924575806
43.0	34.0	0.45108187198638916
44.0	34.0	0.4733858108520508
45.0	34.0	0.48662108182907104
46.0	34.0	0.5050034523010254
47.0	34.0	0.5777975916862488
48.0	34.0	0.61848384141922
49.0	34.0	0.632209300994873
50.0	34.0	0.6356406807899475
51.0	34.0	0.0
52.0	34.0	0.4521714150905609
53.0	34.0	0.42153415083885193
54.0	34.0	0.38060277700424194
55.0	34.0	0.55192631483078
56.0	34.0	0.3945733904838562
57.0	34.0	0.4259459376335144
58.0	34.0	0.45878905057907104
59.0	34.0	0.4725145399570465
60.0	34.0	0.4943282902240753
61.0	34.0	0.666877269744873
62.0	34.0	0.7002106308937073
63.0	34.0	0.7198184728622437
64.0	34.0	0.5379557013511658
65.0	34.0	0.5396714210510254
66.0	34.0	0.5347694754600525
67.0	34.0	0.5318282842636108
1.0	35.0	0.5397326946258545
2.0	35.0	0.5483111143112183
3.0	35.0	0.6897326707839966
4.0	35.0	0.6644876003265381
5.0	35.0	0.5938993692398071
6.0	35.0	0.48017385601997375
7.0	35.0	0.45836013555526733
8.0	35.0	0.5701248645782471
9.0	35.0	0.5554189682006836
10.0	35.0	0.5713503360748291
11.0	35.0	0.5882620811462402
12.0	35.0	0.589487612247467
13.0	35.0	0.6117914915084839
14.0	35.0	0.5659582018852234
15.0	35.0	0.5429189801216125
16.0	35.0	0.5326248407363892
17.0	35.0	0.0
18.0	35.0	0.5383118987083435
19.0	35.0	0.541743278503418
20.0	35.0	0.5299785733222961
21.0	35.0	0.5292432308197021
22.0	35.0	0.5356158018112183
23.0	35.0	0.6878216862678528
24.0	35.0	0.6407628655433655
25.0	35.0	0.5596354007720947
26.0	35.0	0.4532628655433655
27.0	35.0	0.4233609139919281
28.0	35.0	0.5167432427406311
29.0	35.0	0.5380668044090271
30.0	35.0	0.5446844100952148
31.0	35.0	0.5559589266777039
32.0	35.0	0.5799785256385803
33.0	35.0	0.5611060261726379
34.0	35.0	0.0
35.0	35.0	0.6613759994506836
36.0	35.0	0.6189740300178528
37.0	35.0	0.5231407284736633
38.0	35.0	0.4743661880493164
39.0	35.0	0.4594151973724365
40.0	35.0	0.5763269662857056
41.0	35.0	0.5390720963478088
42.0	35.0	0.53662109375
43.0	35.0	0.5665230751037598
44.0	35.0	0.5775524377822876
45.0	35.0	0.6040230393409729
46.0	35.0	0.597895622253418
47.0	35.0	0.5603955984115601
48.0	35.0	0.5390720963478088
49.0	35.0	0.5376014709472656
50.0	35.0	0.5439740419387817
51.0	35.0	0.0
52.0	35.0	0.5698184967041016
53.0	35.0	0.5977596640586853
54.0	35.0	0.5379557013511658
55.0	35.0	0.5546224117279053
56.0	35.0	0.5330537557601929
57.0	35.0	0.4161420166492462
58.0	35.0	0.498494952917099
59.0	35.0	0.6068282723426819
60.0	35.0	0.6717792749404907
61.0	35.0	0.5850145816802979
62.0	35.0	0.5340341329574585
63.0	35.0	0.5359949469566345
64.0	35.0	0.526190996170044
65.0	35.0	0.5276616215705872
66.0	35.0	0.5230047702789307
67.0	35.0	0.5232498645782471
